LXXXVIII

2115151

Alexandriae st Carthaginis distantiam 515811
1829 111 1792 milliaria 71. 557.

11115153111151 addictus 11. 828.

80 astronomis 111111511 7111. 289.

Aristotelis 11111111111 80 15110111 101 11111-
1131111. 885. 711. 105.

81 Caniculae ortu 71. 295.

, 01511110 astronomia l. 2711.

51181511 1111581115101151 5511171. 528.

81 0111011011171. 84.

,, 5511111111297, 877, 892, 7041. 711. 121.

, Hipparcho 11. 788.

· , Luna eclipsata 118510 1111111111111. 218.

,, ,, 001111 01151111. 291.

, 5151155011551 ll. 277, 284, 417.

,, , 11001111 8110111 astato 11. 277.

Martem dicit 1505101115111 11811111. 88, 188.

80 0111 stallorum 71. 288.

, planetarum 0181101. 271.

, 2315130111111101011111. 249. 7. 895.

, sideribus 118101111511, 10. 101151111111 inu-
tatiouom 71. 289. 7111. 828.

,, 1511111111 71. 105, 528.

, 1111111 7511111110 5511111 17. 157.

,, 110111110111 ΙΙ. 877, 892.

,, Stesichori 01 Pindari astrologia 11. 811.

,, Τ151ο51110 rogis 1031111 71. 215.

‚‚ Thaletis astronomia 11. 812.

,, 11131117111111711. 727.

Plinii historia 111, Ι. 511. 11. 218.

,, 10111 55111111 115111111111. 277, 417.

71489. [875.

ΡΗ,50150111 113151151511135121181111 1. 882. 11.

11 11 mors . .

1111111 1111111111 11.111,111,110,111.
Plura, oppidum 11701111155 55151111 1. 490,
658. 7. 285. 711. 129, 711.
Plutarchus

81111151111011101111 7111. 108.
, 1110 Attico 17. 98, 155.
,, chabriae pugna ad Naxos 17. 185 a.

, 1185515151 1910 814, 8171, 898. 17. 951.

,, enharmonio V. 382.

, gioria 115111111111511. 92, 290.

,, 50151511 511511 VIII. 85.

,, 1111111 ’1111115111111 11. 501.

5515 81 insulis 41511511, 81515111811 11
11111 Laboratoris verba 1110111 7111. 40.

11101 051511111101110 81111 11. 278, 287,
290. 71. 381. 7111. 85.

81 hunno 111Ιο 11501, Somnio Kepleri
1811511117111, 70-118.

, Lunae diametro 11. 8187111. 102.

,, ,, illuminatione 11. 92, 278.

, , 1511 5105111 11. 8001.

,, , maculis 111151511. 287. 7111. 102.

11111 501111181111011 1131111. 278, 811.

81 Lunas 115011 818111511111. 801.

,, „substantia 7111. 1011.

Plinius - Pnii.

2151115511
81110185 7111. 85.
, 51111111 philosophorum 11. 885, itt
„ Philolao 1. 250.
Ρ10105111 15 Epiro 11. 491.
81 5101181581 7111. 84.
, 5113110110 7111. 40, 101.
,, reflexione 7111. 88.
, 801111. 270, 278. 7111. 85.
, 85111 1115115 flammeo 71. 5111
, 15111111 7111. 87.
, 11515111811151111. 811.
, 11111113 V. 131.
7111111, 15801. 827. 7. 252, 488,

,, 1011111111 11 15511 15111811 11. 28
1111111171111171611 (’· ’Μ
Poenarum 11111111 7. 20511.

Ρ58111 11151011115011551 155 :linianum
Pothinum 11111 81 5111511 11 05118511 8-

801115 71. 289.
70151111, Baro 8171. 117. 7111. 848.
Ρ51111111111511111 cum proportionibus tu·
Polus ἕέ18ι1055ἵ1111ξτ1ῒ111 stolia 15113121

711. 880.

Poli
1155110111 11 1111511111 111. 428 aa. v1.1aa·,
’111111111422 vi hita, 217. [211.
ὼ, 151111 ί((11115111515151. 111. 429.
1 5 qu . 1.

, 1111158111111. 221.

,, arsetas 71. 558.

,, Augustae 7158. 11. 50, 875.

,, 41115111. 108.

, 8111515311111. 558.

, 8511511311111. 589.

, 1150111111 111. 558.

,, 0111111311 111. 589.

,, (111111 ΙΙ. 10.

, 1111151151111. 50, 59.

, 15111111 Paris. 71. 555.

, 515111511 11. 818.

,, 01115011171. 88.

, 0110111111, 108.

, Patavii 71. 88.

,, 711311 Ι. 421. 11. 59. 111. 54, 588

71. 51, 220.

,, 1101111511ἰί 111. 577.

,, Rhodi li. 221.

, Romae 111. 447. 71. 88.

, ’15511311 11. 50. 875.

, 0115151131 (11115111) 11. 8727181.

,, 7010111111171. 88.

,, 7111111 71. 51. 711. too, 508.

,, 71581151131 111. 588.

, 81115111 10111 11. 214.

,, 3153115511 i. q. 11111585 loci 71. ait

, 1511 5111171. 555.

, , variabilis 11. 220. 111. 445. 7181·
1011511510 11051111 111. 428 a. 71. 521.

 

