412 1111111111111.

11111( mehr Persohnen vihlfelttig 11111111( (1111111111 11111 gar (1111111111 11111111(
willon, 11111 (11( ihrer willsahrung (1111111111, (11111111111111111111 1111111111. din
11111(11, (1111(1( (1111111111 1111111, Zviigen 11111111( disses 111 (1111111111 ((1111.
ob (1( (11(( ο(1(1(1(111(1(1( (11111111 machon ((111 (111111111111111111111111 1111111111(
mahte, (11 111111( Zossg nochmalen im wenigsten 111, (11111 1111111111 1111111111(
(11(( (1((1 peinlich gorragt werden, (1111111111 (1111111111, 111( ((1111111111
(11(11, wo (1111((111 (1111111 ((11(. 11111( 111(11(ς,111(11111111(((11; 1. 2. 211(
(1(11( 1111111, 11111111((11111110131111 gehbrt‚ (11( (1( 1111111111( 1111 (1(111( (11111
(111 1111111111111( (1111111111. (((1 (11( sagien 111111( 111111, (11( (1( (1((11 111111-
11111111111111, (11111111111111111 1111111111 (1(111 11111111, (11(( (1111111111, ((1(1(111
(11111111111111 ΙΙ(1(111(11(111 ((1111 111111. ,1, 4. 1. 11111111( 1111111111111111111111
hezichtigt ((1111. 111 (11((11111111111 1111111111, (((1 (1111111111.(1111111111
(11111111 ,11111 1111111 (1111111111 1111111111 (11111 an 111111 11111, (111 1111111111111111
(1111111 (1( Ζ1111 (1(11 1111111111(1111111111111((((1. 11111( 11111 1111111111 11111111(
(11111 (111((111111111(1111111. J. 7111( (11(-1111111111( ((1111. 8. 111111111111111(
gebo, 11111111( 1111( ((1, 111111( svye (111(11 1111111111 111111111111111. 11. 1111111(
(1111111111 1111111 11111111( ((1111.

Der 111((11211111113111 Ζ1111. 1111111111, 111111( 8111111111(
1111111111( von 1111111111 (50111111). Ad l. Additional: (1111111111 (111 (111111
(111 1111111111 gesson (((1 1111111111. (1111111111111111 11111111111111111111111
(((1 (11( 1111111111 (1( (1((11(1, 1111111111 1111(( (1111(111 11111111, (1111111111
noch (111111 (11(( (11(( noch (11111111 11111((11(-1111111((1111111. 1111111111.
11111( vor (11111111 2 ,111111 (111111111111(1111111 111 (111((1 1111111 1111111111( 11(
11111( 1111111111, (111 11111111. (1111111 (11111111 11(11(1((11·(1(1(1. (1111111111111 (11·
(111111, (11111111 1111211111( (11111111 11111111( (1111111, (1((111111111 111111. (1111111111
111((1((11111111111111111, 1111 1111111( (1111111111. (1111 (11( 11111111111111111111111
(1111112111 (1((111111111 ((1111, (11( (1( (11111111 (11( 1111111111 ((11111111111111
(1((111111111111 11111111( mit (1(11 11111111 1111( (111111 nit 1111111111( magon: 11111
(1171111111 ((1111, 11( (1( 11111 (111 ((11. (111 1111111111( (111111 ((1(11111(1(11111,11111(
(11(( ihren (1( 111111( (1111111111. sich 11111111 (1111111111, (11( 11111111111111
(1111( 1111· ((11 ((1111. 2. Sin 1111( 1111111111 (1( (1111111111 111111, (1111111111
(1111111111 (((1 (1111111111, 11111( (11(( (11( 11111111( (11(-1111(1111111111, (11( (1( ihm
nolchen (11111111 1111111111, (111 (11111 nit (11. (1111111111(1(11111111111111
1111111111111( (111111 (11(-((1 (11(11 1111111111. (1( 111111( 111111111111111111( (11111 ((1111.
1111111111( (1 11(1(1(( (1( (11( 1111111111( nicht 1111111111( 111Ι (11( intematum 151
11. 1. 2111111111 11111111 (111 11111( 1111111 11 (11( 1111111111( (1111119111, (111111111111111
111111111111(1111111(1111111111111111. 111111( 111111111111111 zue (·11(11; 1 2. 1111111
(11111. (1111( 111( (1((111 (1(11111181111, (11((111111 1131111111, 1111111. 3.-111 51121111(
((1( (11( 11111111( 11111, hetto. (11( elegerin ihr 11111111( nie (11111111, 11111 (1111111
11( 11111( 11111111.

1111Ζ((1(1(1Ζ((1111.191121113.1111111(11’111111((11111111111(1.11111
in 111111( zue 11111111( 111( 11111( ,1111111 11111111 Eae, 111111111111111 (1111111111
1111111111( 11111( 1111111 111211 ((1111 (1 1111111111). 1113. Additional: 1111111
11111111 1111111 1111111111( ,Iohannis 1111111111 11111111( · ,1111111111 (11( (11( 111111
1111111( 11111171111111. (1111111111 (1111111 1111( ,111111111111111 11 111(1(1(1 mesu
khomon, (1111 111111. ihren (111 1111111111( (1111111111. (1111117111(1111111 1111111111
(11111111. (111 (1 ((11(-1 1111111 11111( 11111111111111. (1111(11(((1(1(1(111(11(1111111111
(111111 (1111111111 (11(( 1.(1( 111111· Ζ111111 1111111111. 1111 vnn-ines 1111111, welches 1111
((11 2111111 111111111111111 (11 1111111 1111111 ((1111. (((1 11111( Ζ((1((1 1111111111. 1111
1111111111 ((1(((1(111111((. 11111111111111Ι sich 111111( (11(-1111111. ((111 11111( (1111111111
1111111111( 1111111111. 1111111( (11(( (1211( ((1111. Alsa (1 111111 1111111111111111 ((1111
1.(1111 1111. 1111 (1·1( (111111111111111 ((1111 «lor 1111 (1111111111 (11((11111111111
1111111111( 51111111( 111111 1111111111, ((11( 111111( (11( 111111( (11(-(11111111 ((1111
(11111111 wan-«lon, (11111111111111, (11( 1( (1111111111 11111111 (11111111 1111111111, 11111
(11111 (1111(1( ((11(-1 1.((11 (11111111 hotto. (1111( 11111 1111111( (1((1111111111 11121111
(1111111111 (1111 111( (11111111111111 (1111 111111. (1111111111 (11111111 ((1111, 1111111111.
(1 11111( 1111 (1111111111, (1111111111 (111111, (1(111 (11111111. Aba· 1111121111·
(11(· (1111111111 (11(-(1 1111111111 1111111111, (11(, 1111111111( (11181111111111111111 1111171
(11111111, (11(( 11111111( (11 (1(1( 1111111111. (111 (1 (1111111. 11111· 11111( 1111111111111111
111111( 11111111( (11((1111111111. ((1111 (((1 11(111(11111111111111111. 1111( (11111
(111111 11η (11 mehr ossen 1111111111. 1111111111111111( 111(1(111111(11(1 nimiam-b

 

