406 1111111111 matris xeplerl.

1111 (1111111111. 1111 20. 11111111111111111111111111 weron 11 1811111 gemet. du
Zengin in 11111111111111. 111111 111111 11111111111111111111111, der ihren 11111111 11111111
111111111111111111 111111111111111111111111 1111111111111111. welches 11111111’1111111111111 11111111
1111111, 11111111 111 111111 1111111111 .’1 11111111 1111ΚΙ111111111111 1111111111 11111 1111111111.
111111111111111111111 gar 11111111111111111111111, 111· 1111 zeugin alleinig 11 die 1111111
1111111111, 111111 1111·11111111111111111111, 1111111 111111111111111 nosram, 111 1111111111,
1112111111 111111111111 11111111111111. 111 11111111 111111 111111, zeugin geantwurtt, 1111111
111111 11111. 1111111111111111111111111, 111 11111 11111111. 111 1111111 1111111, 1111111111 gethnn.
11111 1111111111 11111111111111 111111111111111 11111111111111 111Ι 11111 1111111111, 111111·
1111, 11 11111 1111 11111111111111, 11111 1111111 1111 1111111111, 11 111111 1111111111111111111
1111111111 111-11111111, 11111 1111111111 1111111111, 111 sollo 111111 1111 ihr 1111111111
1111111. 1111111111 11111111· 111 111 1111 111111111111 111111. 1111 1111111 111111111111111.11
1111111· 11 1111 11111 Ι-1111111 11111111. 1111111 11111111 111 1111- 111111 1111111111. nin-vn
11111Ζ1111111 11111111 1111 11111111 1111111111111111, 1111111111 11111111 111 ,1111111 11112111·
11111111111111 1111111. 1111111. 1111111111111111111-1111111111. 11111111 11111111111111111111
mit wasser 111111. 111111· 11111111 1111111111 11111111 11111111, 1111111111 1111111111 11111111, 111·
1111111 11111 1111111111111 1111111111111,,11111111111111 111 11111 1111111111 1111111 1111111111.
111111111111111111111 111 1111111111 11. 1111 111 1111111111111 111 111111 1111111, 1111 111 11111111
1111, 1111 11111111111111111111111111111111111 111-11111111. 1111111111111Ζ1111111111111
111-11 111111 11111 11111111111111111 1111 1111 111 11111 1111111 1111111111, zue Wnrt 1111111111.
1111 1111111111 1111111 1111111111111. 11111111 1111111 1111111 111 noch 11111111111111111·
11111111111111. 1·111·11111[1.11111·11 11111. 11111111 1111111111 mit 1111 0111111111 11111111111111
1111 1111 1111111111 1111 1111111 1111· 1111111 1111111111 1111111111, 1111 81111111. 1111 11111111
111111 111111111111111111111 1111111. 1111111 11111111111111.11,11111111111111111 1111111. 111111
111. je 1111111 111111, 11111111 111 1111111 11111111 11111111111111 luinge. 1111111 111 1111111 1111·
(1111311111, 1111111111111111·1.·1·111·1·1.11111111111111111, 111111111111111·1111111111’11,1ΙΙΙ·
11111111111 111 71111111 1111· 11111111111111111111. 11111111 1111111111 1111111 1111111 demun
11111111111111111 11111, 1111111111 1111111111 111· 1111111· 1111111 11111 111 11111 hominen 11111 1111111111.
111· 1111· 11111·1·111,1111·11·11 71111111 1111111111 ’.1. 11111111111111111 hetto 1111111 1111111
71111111 11111111111 11111111, 1111111 111. 111111 111111 11111 1111111 1111111111, so 111111 sie ΖΛ·
gin wlbiuv 111111 111111 11111111111111 1111111111. 3. 1111· 2111111 llausswunh 11111
11111111 1111 1111111111111111, Ι1111111111 111· 111-1111111111-1111111111. 11 werde wohl 11111111
1111111111111111111111111. 1 1111111111111111 11 1111111111 111111 11111111111111.1111
111 111111 1111· 1111111 1111111111 111 ihr 11111111· 11111111111111. 1111111111111111 11111111. w
1111111111111111· 111111 1111 1111111111111111. 1111 111111 1111111111111111111 1111111111111111·
1111,1 111 1111111111. ,11] ³30. 111 >vy 111111111111111111111131111. 11111111 1111111111 111
11111Ζ111. 111 ,1111 11111111 ,1111111111 111111111 Ζ11111111111111 11111 1111111111,111111111
7111111 1111111111· 111 1111· 1111111111 1111111111. 11111 111111, 1111· 11111 11111111 1111111111-
11111 hat ‹lvr 11111111 111-111111 111 111111 11111 1111111111. 1111111Ζ1111111 1111111. h!
1111111111 11111. 1111 1111 11111111111 11111 ,1111 1111 111111111111111111. 111 1111111111111111111
11111111 1111111111 1711111111 1111111111111111111111111111 1111111111. 2. 11111111111111
11111111. 111-1111111111 11111111 111111111111111111· 11111111111111 11111. .;. 11111 11111111 1111·
vn¹¹ 111ιῦ11. 1. 1111· 1111 1111 111111111111111111111111111. 71111111 111111 11111 1111111 11111111·
1111111. ,111111 1111111111 11111111111111 11111111. 111111 111 1111. 111111 111111 11111111-
1111111111. 11. 11111111111111-111111 11111111 11111111. ῐ, Sic 111111 1111111111111111111·11111
geu-pawn. Ι1111111111 11111 1111111111111111 11111111111111111· 1111111111111. 1. 7111111 anubem&
1, Su 11111 111 11·1111“11;11·11111 1111111111 1111111111. Ζ1111111 111. 111111 1111111111 wohl h
1111111111 11.1.- .-Ξ1,· 7111111 11111 1111· 11111111111111 111 111111111111 11111111 111111111111111
111111 11111 1111111111. 7111 11111 1111 71111111, 111 111111· 1111· 1111111111 nicht: 1111111
1111111111 11111111. 1111111111 Ξ111· 11111 1111111 1111111 1111 111111 1111111 wia-emit.

1111 ln· 11111111 11111. ,1111111111 ,1111 1· 1. 1111111 111111 11111111 111 1111111111
1111111111· ’ἐξ ,111 1111 ,111 ·.’·.’. 111111111111111 -= ,11111 111-111 111111 1111111111. 1111111711
111-1 11111 lan-bivar ,111111 111, 1 111-1111111111 11111 §andr 1111111111. luo κν111ἰβ117111 w
1111· 1111111111 111 -vinu 11111111 11111-1. 1111111111 11Ζ1111 1111 1111111111111111111111
,1111111 1111111111111111 111-1111, 1111111111. 1111111111111111 1111111, 1111111 11111111111111, dot)
11111111 111 11111111 111111 111-1111111111. 111 11111111 1111111111-11111111. 1111 1111 11· Ι
11111 1111111- 1111111111 11. 111-111· 1111 1111111111111 1111111· 2111111 111 1111111111 111 1111111111
1111 1111111111 11.11’·.’,··1111111·11, 1111 lawr. 11 1111111· 1111111111 11111 mninrkhen. 11111·
111-11111 1111111- 11 1111-111--111111111111 .11·- 11111 11711111 1111 111111111111111·
111111111 1111 111-111111. 1111 1111· 1111 111-11 111111 111-11111111. 1111 11111 11 11111111 m.
11111 11 11111· 1111 111111 11111111 111111111111111. 11111 1111 111-1111 11111111111111111111111·
1111111111. 5111111111 111111 11 zoua 1111111111 1111111111 1111111111111111, 1111 heimkhom

 

