552 111111 mis 11111

1111 respondit eonsilium· stuttgartiense 111 9. octabus: 1111 11111 111111 111·
11111 111 11111 11111111, Nun 11111 er billich 111 111111 1111111111 '⁸5¹ 11 111
1111111111 11111111, 1111111111 111111. Dieweil 11 aber 11111 1111111111, 11111 11
111 111 7. diss 11 1111111111, 1111 zu Ihrer Kepplerin erlodigung 111 mmmm

111111111111111111111111111 - 111. 1111 111111111111111111 111 11111111. 111
1111111111 1111111111 (11111111 1111111111, 11111111111111 111 (1111111111 1111111111-
1011. 111111111111111111111 11 Herm specialem 111 11111111, 11 1111111111 (11111-
111 1111111 1111111, 111111111111111111011111111111 1111111111-1011. 1111111111..
11111111 111 11111111111111 11111 11111111111111 11111111, 1111111111 11141111 1111 -
1111. 1111 ’1.111. 11111 1111111101111111111111 11111111111111 11111111, 111 11 111 811111
bertingen sumpt 1111111 1111111111 nomn 111111 11116111 111 1111111111 - 10 11.
1111111111 ‘rago 1111111 111 111111111111111111,“111 1111111111 111 111111 1111111 111
811111 11114..11111111, 111 11111 11 111 11118111111111111 111111811111111111, 111
dom commmatio 111 jede 1, 111 1111111 11111116 11111, 1111111111111 - 11. 11 h
1111 1111111 11111111111114 Sti. 1 Vlg. 111111, 111811. 111 11111111111-111111.
8111111117111111, 1111411. 11111 -1811, 1111111111 - 4 11. 111111411. 111
8111111111 111 11111111, 111 11 1 ’113 111 811111 1111111111, 111 111111 11111111. 1111
11113111 111 11111111111111111111-1411. 1111111111111111 1111111111111111111
1111111111 8111111111 wider 11111111 111 1111111111 - 60 11., 111 11111111 1111111111
-1 11. [11111111. 11 1111111111 111 (11111111 111 (1111111111 11111 111 1111111111
yber 1 11111111111 11111111 - 1 fl. 18 11. 1111 1111111 11111111 1111111111 111ι111ι flo-
1111 - 18 11. 8111111111 ·- 4 11. 111111 11. Item 1111 11111111, 1111111161111,
11111 - 1 fl.

1111 1111111111 ullor 111111, 1111 1111 11· 111 1111111111 111111 11111113 111 c
1111111111 111. 11111 ’111 111 ’1111111 6 111111, 11111 - 1 fl.

1111111111 111 (11111111, 1111 1111111111 86 Bonus 1111111, 1111 11 hm
11111 111 1111111111 1111111111111111111111, 111Ρ111111111111111111 108 Ρ1111, mlh
111111111 - 3 1. 11 11. 1111111111 111111111111111111111111 111 Ρ1111, 111 ‚uh
1 11., 11111 - 8 1 1 11. 111111 11111111111 1111111 1111111111 811111111111 1111·-
11 11. 111111 1111 (1111111111 1111111111 - 111.

11111111110111111111111111111 1111111111111111 111111111111 11111111, .
1111 111 111111 1111111111111 im 1111111111111 1111111111111111111 111 1111111 1ιῦ
111111111111111,11’11.1111111 1111, 111Ρ11111111111 11111 111111 11111111ὡῇ
11 11.,11111111 1 fl. 1111. 111111111111111111 11111113 1111111111, 1111111111 ⁴1⁴*
111 11111111 11111ιοὶ11111 andero 111111 1111111111 1111 11111111, 1114 1111111111 11·
111111111 1 11111, 1111114 11111, 1 Vlg. 1111111 9 11111, 1111111111 811. 111 lah
1111, 1111111111 - 11. 1111.

111 111111111111 1111111111111111111111 11111111111111111111 11 111, 411·
1111111 1 111, 1 8111111111 10 11. 111 11111 1 11. 11111111 - 1 1. 18 11.

11111 11111111111111 11111 111 1111111 11111111 Ρ111111111 (1111 1111111111 zm·
11111111 111 1111111111. (1111111 111111111111, 111111 1 Plan mum, 104oe 1 11., 1111

11111 111 1111111111 Kopplerln 11111111111111 1111011111111111, 1111 niseba 1111
1111111111 1111111111111111111, 111111 1111111111. canzloy 11111111111111111, m
11111111, 111111 1111 11, 11111 - 11 11.

1111111111 11111111111111 111111111111111, 11 vol 11 111 01111-11111 (111ιῦ
111111 Copia zuverferttigou, md 1111 rnna. (1111111 111111111111, 11111 1111111111 111
111111111111111111,11111- 1111. 1 11. 1111111 1111111 111 111111 coptu 111
rann. (111111131111111 - 11011.

(1111111111 1111111 111 111 111 111 111111111111111111111111 omnuim 1111111111 11
11111101111111111111,1111Ρο11111ο11111111-10 11. 11111111 1111111 0111111 11..
11 111 runa. 1111111 111 111111 11111111 111111 111111 11111111, 111 1. 111. 1111111·
1111 1111111 - 40 11. 1111111 Hominum, Burgem 11111 111 1111111111, 1111 fl
111111111 1111111111111111 11 111111, 1110111111111 111111 111 1111111111 nm·
1111111111111111111, Ρ111111111 11 11.

1111 11111 17. Sept 1111 11111111111111 0111111, clausum 1111111111· d·
1111 11111111, 111 111 11 puncto tortum 1111111111111111 11 111 71111111 W·
11111111, 11 1 Τ11111111111111, jedes 1111 1 ff 11, 11111111 11, 11111 1111111111.
1111111111 11111 111111111111113 - 2 fl. 11 11. 1 11.

111111 811111181111111111, 111 1111111111 vom 111. 111. 1110 11111. oet 1⁸¹¹·

111111061111111111111111111111111111111011111111111111111111111

 

