480 11111111 111111 11131111 ’

bfgffin 3111111, 11111111 1111 111 1111111111 11111. 1111111131 1-11111111
1ι mon 11.

111. 1111111 1111. 1111111 1111211 1 1111111, er 1131 11111111 111113 31
111111, 11 Βο111111311111 111111 plu-In 11 1111 11111 11311 311111. Ad 11 .:
11. 111 111 1111111111 111111 311111, 11111 11 1111 furnich 11111111 111. 12
1111 11 1111 111 13. 111 3111111 111111111111811, 111 112113 11111111 311111
1111 11111111 1111 111, 1111111111 11111111111111111 311111, 811 1113111111
11111111111111 31 111, 11 11 aber 111 1111111111 oder 1111111111111111111111 31
111111 1111 111, 1131 11111 111 1111111. 11. 811 hab 111 111311111 3111111, 111 bn
11 1111 1111 31111111, 11111 er 111.

V. Beo! 'n 1131 3111111113 31111111, 11111111111111111111111111 11 11111
{ogugtzffitrinc hgn 31113, 111 111ιὲιέ 11111ἰῖ 11111111, er 1131 111 1111111113Ι affl
(11 affabar· ffrffinvgvefflt Qekffffi ἓ1111111ι383τ19111ξ ‹³:120ss 11831111
1131111111. Ad luterro .: 1. Nem, 11111 111 111 3111111111. 2. 3. Er 11111 1111
111111. 4. 1111111111 11111 1111 111113 1111111111 mit 11111 111111111111111111
er 1111 einen 1111 311111, 1111· 11111 einen 1111, 111 1111 1111111111 11 emm
111111, 11111 111 1113111111, mit 111111111, 111 (1111 erbam, 111 1131111111111Ε
11111111 1111111111 111113 31111311 111111.

11. Jacob Koch, 11 1111 1111111111, 1111 111113311111111111 31111.
11111 von lhrem 8111 11111111 311111, man 1111 111111 11111111 111 11·
1111, 1111 111 1111 111111 11 1113 111 1111311111111111111.

vu. 813 1111111 3111111111, 11 1131 11 1111 1131111111.

vm. 1111111111 1111311131, 811 1111111111 8111 1111131111 1111 1111811111
3111311, 111 11111111, er 11111 111111 1111111111 1111111111, 11 1131 er 1111
111113 11311 111 vom glauben 1131111111.

111. 1113311111 111 111111, 11 811 1111 1113 31111111, 111 811 11111111 h
1111111111 111 11131 111 81111 1131111311, 1111111 1111 11111111.

1111111111111113111111, 11112113 111 Ι. 1111111 1111111, 111111 ἡ
1111ι1 11131311113111131, 111111 111211113111111111111 111111, 1111 11111311ιῇ
111 2113 1111111111 3. 1111 3111 er der Β11113111 1111111111. 1. 111111 1111 111 n
orgflnernhbitffiehhlnter Koch 1111111 311131, er 11111 111 1111311111 nieht, mh
1 111 1 1 11.

Χ. Dium 111 1111111111111111 111 1113111111 im 1113111111 11111 11111Ι 1131
Μὴ111. 1113 11111111 1111111 811113111131111 im 1111111111 31111111, 111
111 111311 be 11111 amm, 111 hab 11111 broth bey mr 11111111 11111
111111111111 113111, 1111 113 8111111111, 1111111111111111111111111111111111
111111. 11111111131111111111111111111 : 1. 11, 11111111111111 113 niu
1111111311, 111 113, 811 1113111111 111 11111 1111 31111111111111, 111111 111311ὐ
111113 111111. 2-1. Er 11111 111111 111111. 6. 11111 1111111111111 Gen Η
111. 1111111111 11111111 ⁴¹·- 111

- ιιιι. 111 111, md 111 'sehon 111 actionum ιι. 111 aarum 311311
111 111 Η. 11111111 311111, 111 11 111111 11111 wider 31111111 111.

1111111111111 111 1111 111313111113111111, 1111811 111 1111111 ΙΙΙ
1111111 3111111, 11 Ι1111ιὸ11 111 111111 11. 811111 11111111 ,11131111 1111111. m
1111111111, 111. 11.·,11111111111111111111
ῗοτῗω 81111 1111111113111 3131111· 1111. 1111111131 dem 11111. 111111ὰ

on effinxwewnsshr 1111, 11 1131 im 1113111111 113 111 (111111111ιί11 mh
Ad 1111113111111 1113111111 21131 1. 11 1111311111 11111111111113111111, radah
derbey vermeldt: 811 111 111 2111311111 1111111131 1131111111, 1111111111
311131, 8111111111 1111 11111111, 111811111111131 111, 1111 8113111· ι
31111111. 2. 1113111111 111113111111, 21131111111 113181111111111 1 111

111111 31111111, 1111811 1111111111, 111 111111 sehon 1111111 111111 ιι 1.
1111111111 11· 11111 111111111111. 1. 1111 111 11111 111111 gehon. 1 fl!
311 mffllffig 1111111 11111 er 111. 8. 1117113111) 1111311131, dux

11111 .

1111111111. 1211311111 ιο11111111111111111111111111111ἡ h!
11111111, 11 stoffirickh 1131111111 1111111111111111311111. ' ·

 

