1001110011-

70101111110 101 0011011110 tt 1111010001
, 71011011111111101011 1011101001 0010
censet, 11011010 0111110111 1010101111
0200 apud 111001 imperiales 01010101
7111. 000. [101.
7010110141 0111101010 nuptiae (1101101. 00,
, megi {aretum 0011110 1111011101
, 1041110 ex idtziit 11 01111111 001111001-
citur 1.0 .
1010111110 1110111011110110110 inquisitio·
1011 110 100111001011110010001001010
1101111 71. 8711.
,, 11001011001001011110 1100100171. 0000.
tumultuantium 1. 001.
,, 40 0110111101 00100 1107144. [m
, , humoribus 0111111010 00111 11. 207,
, altitudinem poli 11101110 1110101111
tradit 71. 000.
, 110 1101111110 1101101101. 740.
, Temo 1110111111 metitur 1. 000.
renuite 1100101111 1. 100.

1011111, 11 0011 0101001010 (ab 1111100110
,11111111 1101111111. 111.
700011101101110110, 001110 001011011110411,

00011. 7. tii.
, , astronomiae 1110110 1. 00800.
‚ ., (10110101101011111011001. 000.
rusiorum 011εο010111 010017. 04.
110100 magnatium 1. 11001100.
111111111311111ι1101111.ξιι11οῦ0111111ι11σο1111111,111111ο
001101,1(001011010110 1. 00, 70.
17. 04. vlu. 600.
11011011 stipendiumi, 00. 7111. 000.
1111101100 0110011. 401. ,
71111111 tectione· v. 01011110.
1111111111... apud 1100111111 17. 7011.
171111010011011101011 1001111010. 71110 iot·
,, , 0111 1101011110 1. 071. [01110.
, „quid 10010111 011 amantias
1. 111, 111, 0111. v. 111, napus.
, advflumoninm cupro 01110101101010
,400
,, ..11101111110011
, ,, 11 0110111111 inscriptae 71. tot.
,, ,1011011110 1101111111 71. tto.
, 101101010111110 7. 84.
,, 0111111001. 001.
rigorum 00110110011110110111010110110, con·
0111011170, 0100000 7. 00001, 04,1’10.
,, 0100. 7. 010, 0001.
, 0010001110, 0100111110,101010110,000·
, 11071. 1401.
nitim- 0011111100 putatum 0011111110 000-
1010011. 087, 040. 7. 700.
011111 open 7111. 001.
1110111111, 1011100, 1111110111. 11. 00, 007, 000,
11101111001101110 1111111111 11 007. “ [000.
1111111 0111111111 compa-tio 11. 001.

1110101110101, 00110110 100 -, 0. 00111111.

1011011111. mv

11011 1011101 1110 1001010011 ii, 1101111110
tinnimentum 1. 007. 11. 000. (1111111110).
1111110111 1101011110 11. tit. 17. 04, 70.
maetam, mugi-ier 11111110 smmum
1. 040. 7111. 000.
, 1101111110 11101011 7111. iii.
1100111111 1101101Ιο theologorum 1101110110.
11. 11. 1111001.
111110, v. 11101110.
1111110111 71. 0171. 11111101.
71111111, 01111111. 00.
,, 11 quibus 1111101110 11. tio 1.
1111111100 01001110 011111 0011011111 11. 041,
111, 111. v, 101, 411.
01001110, id 01000100101010011111110 11. 100.
1101010110 10000111 do magnetii 11. 000.
. 1111101 01110101111111.011.1111011.
1110100 pinninum 11111111110111111110111011111 11
101111 1110111111. 077. 711. 710..
17111111 (110 1110111110), 11010111. 17 a.
, scribit gemm 1111111111 11010001111110 .'
110111110011001010· 10101101 7. 00111·
004 tit-408.

1111111 m 101 v. ,11. 11011011-
111000100,11010.111111)01110111101000000111
copi» 1100011. 1. caninis.
711110111101100, 1010110110 11. 011, iit.
1111111 01 1011111110 101111 1. 01, iti, 400,

090. 11. 110. Ili-iiii. tii. 7. siit
mmmmmmm
06, 010, 110.
Fatus tottionis 0011010 11. 100.
, 10011111. 11, 01.
1000111110, i. q. tangens trigon.
1011111 quantitatum 00011001011111171. 140.
70111110 proprium 71. 0101.
1101001111, 0 1000011101110001111, 1111111 pro·
11111110 1. 00. itti. 71. 00.
10010 (00101101 0 1041101101οσ 011 mimi
10110 711. 700. “
1111111. ..1111111100 111011. 1111
110000101110 110 1110011111οα0 1. m 07.
. 1111101101. 11110 101011. 100.
., , planetarum 01011 1. m. 11. 04.
mmnmm

1700111010111110001111001. 000. 71. 00.

7100110 (1001110110 (0Μο 11101110 inventio)
Dimittit, 11111100 commitit Ι. 0101 000.
0410. iii. 10, 100.
1101101111,1100101010 Μο1101111.11.100,
, 110 00110 isi 7. 000. · [itt.
Freigii (1100010011 7. 00.

, 1111101101 IL 1101111111. genuit 0011011011

0011100111 genai 11. 000. ·
1111011011 nanim 1101- 111111 in· 0111001001·
11111101111111111114111 71. m.
„· 11101111 1111010111. 040, 000. n. 000.
01110010. 70010011101101111. 040.

 

