1111111 1111111111. - 1111111111 11 1111111111.

Kmmmmmss
1111111111) 11111111 111111, stuttg. 1161. 1606.
I. 7411.
, 1. 1. 11 1. (1. 1. 1606) V. 616.
0111111111, 1111111011. 1607. 1 411.
,Μωμωηω
„ „ sept. 1610. (1111111111.) 11. 48011.
„mmmuffiffl.
„ „ 1. Deo. 1610. 11111, 461.
,, , Ian. 1611. 11. 1671. (160),
..ηψμωπωωωη
0161111111111. 1. 1111. 1610. (1111101111.
Puer.) IV. 486.
0111111111. 111116. 611. 1111. 011. 1607.
11. 606. [1610.
‚ 1111111. 1610. (11111. 7111. 111111.) ,
0116111111,Ρ111.111.1604.(111.6,)6111.761.
0111116111, 0111. 011. 1661. 1. 266.
μηωωπ1
0111111611111111, 1111111. 1610. IV. 417.
061111111111(111. 11111. 1111111111.) Ing.
Sept. 1600. 1. 606.

(1111111111, 111111 Dee. 1626. vn. 6101.
(1111111111,1. 1. 11 1. VIII. 67.
mh. 11111111611111, (1111111111. 1606.
(11111) 1. 11., 266.

, 0111111. 1161. 1608 (11111) 1. 61.

,, 0111111. 1610. VIII. 762.

, Lino. 1111. 1618. VIII. 66411.

, ,, 111. 1610. VIII. 86811.

em. 11111111111111, 1111111111. 1606.
ιωηωωηωη

1111111111, 111111011. 1606. 11. 671.
„ „ 111. 160111. 161.
6161111111, 0118161111. 1161111111(1711111. I’ro·
111111) [011111] 1111. 1666. I. 011.

111111111111111111111 1. 60111611.
‚, 0111111111. 1607. 1. 61. 1180 11.
, ,, 11111. 1608. 1. 6211. 1161611.
, ,1)11.1668.1.6711.11.661.
..1ηωπω1ωηωω
,, , 11. Apr. 1606. (11111) 1. 084.
, , 11. 111). (11111) 1. 684, 416.
, , Aug. 1600. (11111) (V. 60).
, ,811116601701 V. 2011.
, mmmmwmwwstm
, ,, 6111101. 1101. 11816. 111. 0611.

,, 111111 Dee. 1601. (11111) 111. 601.

mx
1111111 a 111111-

011111111, Patavii 111. 1661. I. 40.
, μηωωωπ
mmwffimwmmwa

0111111111, 1111111111. 1111. 1604. VIII. 161.

011111161111111, Aug. 1610. IV. 417.
011111111111,Ι.11111 011. 16111. 661.

,, 1111111111111. 1161. 1620. vlu, 616.“

, Wesenuffer, 111. 1620, VIII. 876.

, 1111111111. 1620. VII. 466.

, 111111. 011. 1660. VIII. 676.
0111161111, 11111161. 1622. VII. 610 (11111).

11. 11111111110111111111. 1604. 11206.

„ 116111. 16. 1121111. 1666. 1. 261.

, ,1111606161

,,ηωΜ11

, , 1111111111. 1601. VIII. 76011.

,, ,, 1111 1606. 11. 64.

, , 111. 1607. IV. 616. VIII. 770.

,, ,116116161111861

, 1111111111. 1610. VIII. 8661.

Sam. 11111111111(11111),’1“16. 011. 1606.

., Ι116. 111. 1607. (11. 867.)
111111111611, 1111116. 011. 1604. VIII. 761.
11111111111111111111. 1606. IL 71 1.

,, ,, 11111111 111. 1608. 11. 761.

111611111111111, 011111 t 1611. VIII. 866. ⁴

, 1111111011. 1616. 11. 174.

, , 1111-8111. 1660. IV. 174. V. 64.

., ,11111 1661. IV. 114.

„ , 11111-011. 16621111886,

„„mwuuwu

„ ,111166611666
1111111111,6111111111,1111111 1667. 1v. 76.

, ,01116611601116

, ‚, 11111. 16661. 61. 11. 812.

, „ 011. 1666. Ι. 67. (11. 64. 11. 814.)

, , 111. 1600. IV. 66. (1. 70, 410.)

, ,, 11111. 1606. IV. 611416.

, , 11111666. I. 264. 11. 467 (814).

,, ,111 16661. 70, 264.

,,ηωω1111

,, ,81111606160

, ,, 1111.1600.11.811.(1.60.)1.11.

2 jum· 1⁰0⁰· mo ,δ’ ι1 n·

 

