350 0555515555 55 codicibus Pnlkorienritua

Post 555551, (isserat, 55 5515155 511515 515 5515111555111155 5511551, 5551 tou 0
5515155155115 515 5515155151 010115, 555 5155515155555155 5155 55555155555
55155 bisses 155551151551515555115555, 555 walchem 55551115 ein 0155115515
1115551551511151555, so 151551 1555551555, 515 111155115 ascendentis 55 cn·
pus Saturni 555 151 5151555 5515111555 gabon: dann 5151151111 51151551 1155
515555 155 lepos aus 5550115511551555. 1115155555 555 555555150511μ
Satumi 5555551 1151555 555 5111155155 Poti 510, 5115515 circiter 2110)( 551
5555155 Orientis 150 360, Latitudo ἦ 1551151555 551 20 270. [1155155115 igit·
555115515115 8⁰ 170 51 Saturnus oritur cum 1701701( circiter. Lsoonou·
igitur limando 5555 cooriontem, 5555155 apud 111515 551 150 290. 115555 uu-
terentia cooricntoria 8⁰ 500. 1155511151 oum 270 500 11.

Et 5515115115 latitudo Meridiaua 551 10 370 555515 555515, 5155 11115-
tentio coorientaria 51 50 500, 51 Jupiter oritur oum 280 330 i(- 815 etin
5515 oppositi Mercurio puncti latitudo est 10 160 555515 eodan, 1118115515
ojus 55511551511551 60 230, 55515 5551511 1151551155 5515 280 580111. 511
Ascensionea 05115555 5551 Saturni 3590 50, ,15115 3590 300, Oppositi 1155· Ι
curii 3590 310. .

11155111 151155 5115 drey Directiones 155515515 51555 551555 omn, 151
515 Virtte Ascendentis 55 Oppositum 85115 551 555 5555515 115155551515
ist 11511 515 551551555. 85151555 51151 55515151 5155 11511 551 515115551155111111515· 1
55151. 1151551155 5551 5555 5511111511 551515 Ρ551, 155 Jupiter gibt 551111 ,0
511155 51555 5551155 mittem 55511 551 5511515551515 1551. .-

Wann donn 555 das 511111515 5555515155 1115151 359. 30. 155 Am 1
15515 Medii 05511 269. 20, 55551551115155 290 220 l. Wann 555 551 151 1
551 855555 155210515555, 555 151 210 70 555551 1111151555 5551 Ioco 811 -1
551 555 (1555115155 155 11155155 0. 11001, ὲ, 55 115151 15555 01155111,
85115 210 520 2. 55555515 ejus 15515 1000 110, 5155155 2690 200 55511
551555, 5151 515 (1511151115 0555111515551 690 80. 1155 151 185551960511155·
ten. 5155 witino 5150555111551155155 5555551 1155 515 Virttci Stundt :rents
555555151,155 555 1151 11551515 0551115 551 (15551155 11551 (5551115 69080 Ι
55 1800110, 515515111101190590) 1555151102ὁο l, 555 115515 am· :
dens (555. 0511555 3390 520) 115155 110 00 m, Locus Lunae Radicis 10 100 ἦ,
1155555555 551551115 Quadrato i'cnoris.

Wos nun jero dic 5515151555 55105111511155 0555115 101551 55155551,
1111151 5155515155 5555 1551551 i'iriiosophiscircn 1555151515515 5555151, 515 Cn
151155, 511515 555 5158515555115511 1111 5111155551 werden 515 555151, dit·
115111 8 Ρ1555155 55551551 55 Horoscopnm 1551511155, 55555 ejus Opposita!
Saturnus, Jupitcr et 1151551155, 115111 51555111 515 5551 singulo 01155115 151
Occidentis 511551 515555, 551551511 5555 5115 1551515115 1511551 [1151111115
5555515 Decreta confirmirt 1151555.

511515 1155 155 5515 115551 155 12. Η5555 1515511155, 155 155 tiu
Gebomen 5555555515 55515511515555155 55551515 51511555 5555551 1151555, b,
151551 anjeao ein 5111111555 5111551555. 11555 5515551515511 551 1555111 51
dom 12. Η5555 551551 15555 11. 15515555 stellet 5155 5155555555 On
Coeli, 555515151115511555115155555515, 55155155 515 811155, 155 551 vertetu.
5551 515 155511 15 conversationibus 5555551111 1151555.

1155111 155 5551 wideradi 555 Herm ron 015115 555151555 155155, 51
schreibt 51151 55155155, 155 habe die 55 marginem verzeichneta seno-u
prosdtcirt: 555 ibon 5551511 1515155555 1151555 155 55151551 555511511115

Ζ555111551111111115551551515515121.55515555 511515. Dauo 155 1155 515

 

