420 11111111 1111111111.

1111111111 1111111 1111111111 1111111111, dass 81111111111111111111111181 1111111111 111
1111111111 1111111111 mit nicht 11111111011111 einander 11111111 ,1111 1111111111
mit 1111111111111 process 111 dem Ι11111111111111111 11111111111, auch 1111111111 ’
1111111111112111111111111111 (111 11. 111. 111111111111111, weil 1111 1111181111·
11111 1111 1111111111 des 11111111111111111, 111Ε1111111111Τ1111111 11111111.
F. (1111111111, 111 1151111111111 1111111111111111111111111111 in 1111 11111111
1111111111 1111111111 11111 11111111 will, 1111 (1111· 811111111111 11111111 1111 111
1111111 sehon 111 11111111, dass 1111111111111111 {gt-maim, 111111 so 111111111111
8111111111111 111111 111 11111111 1111111111 11111111 1111111111. 111111111111111111111 ·
(doch 1111 11111111) 11111111111111111111111111, 1111111 1111111111111111111·
Piston, 111111111111111111111. F. G. 111 (1111111111 1111111111111. 1111111111 11
1111111115 1111111111 11111111. 1111111111, 1111111 1111111111 1111111111 11 111 1111 ,
ῧ11111111311111111ἒ111 111111 sollte, 1111111111111 11111111 11111111 1111111 1111111111. “
atum .1a·i'2(. ·

1111111111 priora 11111111 1111111 111111 consilium supremum: . ...1111 1111111
dato 1111 1111111111,1 1111111111 11111111, 1111111111111,111111 1111111111, zur publi·
111111 1111111111 1311111111 111 11111111 1111111. 11111 11111 111111 111111111111111
1111111111 (111 1111111111 1111111111 111111111111111111 11111111111111111. sunder
11111111 biss 111111 111 1111111111 111111. 1111111111. 111 1111111111 1111111111
disse 111111111111111111111111111111111111111111, 111 1111111111. 1111111111111111
sich 1111111111 1111111111 111111111111 Ρ1111111 zue 1111111111 11111111 1111111111
ihre 1111111111 111 111111 so 1111 1111111111 sit-h 1111111111 11111111, 1111111
1111111111 1111 111 ,111 1111 1111 1111111111. 1111111 11111 111111 1111111111111
1111111111111111111 11111111. 1111111111 1111111111 11. F. G. 11111 1111111111-
thenig vmb 1111111 111 1111111111 ,1111111111 111111 1111111111111111 111111. 11111 1111111
1111111111111111111111, Sit· Kvpplorin 11111 111111111111 1111111111 1111111111 111·
111111 11111111. 11111111 111111 1111111111 1111111111, 111111111111 1111111111
stium 11111121111111111· 1111 1111111111 11111111 11111 11111 111111111111,111
1111111111 1111111111 1111111111. 111 11111111 111 11111111 1111111111 1111111111 111
1111111111111111 111111 11111,

1111111 11111111 E. F. 11, 111 1111111111111 111111 111 11111111111111, 11111

§emm 11111111 111 1111111 11111 11111111111111111 11111111111111111111111
11111111 1111111111111111 1111111111, 1111 11111111 11111111 111111 1111111111 ,

11111111.
F. F, G. 111.

(111111811111. 111 311111 11121)

1111111111 11111111111111 petitio subsecuta ost: 1⁴3. F. 11. 1111 11111111·
11111111111111111111 zu vndorlhvnigkhaitt 1111111 111111111111111111111111. ,wh-
(11111111111111 1111111111 vor 111111 11111111111111111111111111111 11111 ‚ulcha
11111111111·111111111111111 1111111 11111111111, 111111 11111111111 1111111111
1111111111 1111 11111111111 1111 11111 1111111 11111111. 1111111 1111 111ε 111
1111111111111111111111 11111. 11111 1111 111111 11111 111111 111111111111111111·
11111111111111111111111111111111, 111Ι mir 1111111111.»Ι 11111111 11111 Ι1111111111
11111111 11111111111111 1111111111 1111 1111 11)· 111111 1111111111111111
1111111111 111 1111111111111 1111111111. 1111111111 1111111111 1111111111111. 111111
1111111111 (mamb-<arius 1111 11111111· 11111 1111111111 111111111111.1.1 1111 F. 11111111
111111111111 11111111 1111 11111111111111111 1111111111 11111 11111111111111111111
1111111111 111 1111·1·1’1-··1·1ι 111111. 1111· 111 1111 his-⁵ 1111111 Ι1111 1111111111 11·
1111111111 111111111111 ,111ῑί111 :. 111 1111 ι· 1111111111. 11111· manv! 11ιέ 111 11111111
11111 1111111111 111111 11111· 111111· 111111 11111111 1111 11111111 111111....1“11
111 1111 111 1111111111. 1111111111 11111111111· 11111 111111111111 111111111111111
1111111111. ..ivn 111111· 11111 in 111 1111111111111. 111 1111111111·Ι 1111111111
111111 1111111111111 11111 11111 Ι11111. 11111 1111· 111· 1111111 1111111111 1111111
111111111111ϊ {talu-„lichum 111 1111111 111 1111111111 111111 1111111111 mm
1111111 11111 1111111. 1111111111 ¹5-'-''¹¹· 11111111. 1111 1111 1111111111111111111111111.
[11 1111 1111111 11111 111 111·- annun« 111· nieht: 11111· 111111111111 1111111. d
1111 1111111· vin 1111111111111 11111 11· 111111 111111111111111111111 111111111111ῑ ”
1111111111.. 11111111 :m 1·;. 1·, Η. 1111 11111111111 111111. 1111111 11 1111111111
1117111 ln·1i=·1wkln·1··. 1111 ;ι1 rin. sn nri'=s=li‹·h 1111111 1111111111111111111111111. ·
gvanglich 11111111 11111111, 1· 111111 1111 111-111111 111111 1111111111111111· 2
111111, 1111 1111 ja 111 1111 111111111111111111111, 111 1111111 1111111111 1111111Η

 

