430 000οω 0000000000.

10000110, rud 00 00 0011 geru 0010000 01000, vni 00100 0011 00 0010010000 orthon n·
gebracht, 00110 00 (1001 10000000 00100000, (100 00 10 0000000001εο costen 000 witin.
0100 0010 10010000010010 0000001010000010 1. 1101010111 im gewertten 11001100 vicit
010 11000100100001 gefierth, vrrd 0000 (100 001010 000 gebracht 000000 00001010, 001
(1001 010010 (10010 00001000 (110000 0100110000 2000100011 010 0010000 Lesb 100000 001
ῐηιιΜ011111111111000(10,00000111Ζο0000 110000100010. 0. . 100) 1001010000
0001100000οι1 md 0001011001, (100 010000 (1001000011008010 0010011, (100 0010 Mum
iiheiu 0001101010. 0100100010οτ 101 010 1001000ομ vom 101ῑο0100011 0010001011, (1001
01100000000000, 000000 000000 00010010001110, 1000000001( 0000. (100 0101 (110
1100010010 0000111100 000 100 200010 01001000001100001100 0000100 lmen, (100010
ihr gleich (1000 andern 01000000 010 001000 junge 1101001 10000010 worden 00100
0100000. (1000000000 010 7000010 0111100011 (110, Κο0010010 00 00101000 urg, (0100 mn 101
1000010100 111001 mitte} 0010000011, 001 mitt 00101 m vmbgnngen, zum drittenrrrrii,
(1001 1101001100οτ 001 10111000001ἠο0000 vogen, 00 010 00011101 00100000ωο0 10
0010011, (100 0010000001 00110110 0000011000 gebracht, 0001 10101001 001010οι ullu
0011000000 00100100000010111, (10010 doch 0010000 01100 0101000100· 10 0010000000 obtin
0100Ιο0οι 001001 0100000110000 0000101100 md brithon 1000100, 00 0111 md 00010
ianr 100001 110000 1100000001 110 00000001, 10 (100 00001000010000000, (100 010 (100-
1000001 01000 οο 0100010100, 010 0001 01011 00010000 010010000010110000 1000000 μμ
0 000 anst„

ίς1111Κο001οι1010000110000000 0000 (110000 0000101000, 00000 110 8010 vider
seibige vrsgesagt, ist 00· (1000 (10000000 Jacob 11001000 (1000011100, 0010 0001 (100 00100
articul (100101100100110 001000 000 Μ. 11011000 1110000001011 00110000. florii 0000
(100 Ρο00100 000000 (100 000010000000 1101000000 0000001, ist gleichwol 1100010010 01011
00000110, (100 010 zue 0000001100οη 0000100 10 (100 1100010000, 00000 00100 11010010
000100, 0000100001001000001110 0οᾱ 7000010110ος 01000 11000000 1000000000. aba!
0000 (1000000 (1001101010 (10001 010 0000 1001100011100 guuiz 000 gur 010110 iniit
0100 ι0010100100 00000001, 00010 auch im gruudt der 1100000111 011 010 0010000οι000

0· 0 000 t wer 00.

η 1) Jacob Koch (0. 0. p. 101) hat gleichinhlr (100· 1100010010 00100 hier '
00110000 0100000 00000 Augen geredt. 1100010010 001 1010001000 0000000011, (100 Ι
8000 Heinrich 010 (1011100000 000011 0000001 00000, 000 0100 01100 ’10011101 0010100 ι
(10001101000000000, (100000 00 0101 201010 01000 0010000100100000, 0010001. 0001
kemite 010 (1000000 0000000000, (100 001000 010010111000110 0000000001 10000 michir.
0001 010 001010000 00000100 0000010000, 0001 (1000000 0001 0000000000. (100 (110 rnre
000000110000 101ιο 00 0100000000000 md verlrssgnet, 0001 (110 0001000010 Reli·
dargegen 000000000000. (100000000110 010010000 000101 00000111 001 0000010 000010

1) 11100110 1101100 (0.0. 0105). 1100010010 ist gestrnndig 00011 hermanici
0000001, (100 (100 Ζο0000 0000000 0000000 010 000 000001οι0 1000001000 1100010111
00011000 110011 011 (1000 1100001011 0000000000οῃ 0000011, (10011010000. irc-Ji 010 nrm
0111101111 00000011, 0100 00 000 010100 000000 00010010 00110, 100000 00100 natham
000 00001000 01000 ’100001010000010000 (1000 010 0000 000 010000 00001000 000 11⁰¹·
0000 000 «101000 my. 00001000 010000 010000 000. ’10010000 (1000010000 ’100000100οὼ
100001000001100110110110101111101101000100
auch (1000000 100010 1000000 010 010 00101000 001001. wit· ihr daun verborgen. 101
010 00100 10001011000010000 10000 Yam-r 00011000 grah gewissrrr) 01 (10000000 c
00101000 100011 000000000οη 0100 nicht. 1100 (0000011000001100001110000010000 ἅ
00 01100 1000000000 0001 00001011ιο0 100000.

(ἱ) margaretha 1010000011 0. s. p. 1000 1001 00000000οὶ0 10 suerranum·
11111110100011101111· 1110111111 ‘i‘ iiiiii? iiiiii*

· 0,;0· ¹. ·rs 0 -
000010010 000010000. (10010 1011100000 00001 1100100110100 000110010010110000010000 u*
000000 0000, 00011 (110 ’100010 1010000 00000100 00000000 11100000 glauben 0000010011
so 0000 (1000001000 0000011, (100 110000 000 der 1100010010 0010010000 0010000100 nicht! ρ
001001001ὲο00101100011001·11001000010ΐο’11
1100000001οη nicht 000111 000 (100 ’1000100 00000000. 0000 0010100 0100100000οΜ
00001101, mitt 1000 110000 0000000, 0001 00000000000000, (1000 010 an (10000 0100000 ἢκ
0010001001 010000 0000100110. 0000 0000 nir 00000001. (10001020001001000 21001001
111010 were. 20101 (100000 an, 010 1011010010( 2000100 100 010 00100000· rumuli!

 

