11111111 1111111 Kepha 477

111111111111111111111111111111111 111111. 6. 0 1111111111,11111111111111
11 1111111 1111111 1111 111 gemacht 1111111, 111111 1111 11111111111111111111111
111111 11111 1111111111 1111111111, 111 111 1111111111111111 111111 111111,
111 11111 111111 11 111111 11111111111111111 geben, glaube 111, 111 11 1111 111111
1111 11111111111 1111111111.

XXXI. 11, 11 1111 1111111111 11111111, 111 11111111 Ζ111 1111 11111 11 111,
1111111 111111 11111 1111111111 1111111.

1. 1111111 811111, 111 (11111111 111 1111111111 (11 11111 111). 111 111
1111111111111111111 1. 11111111 1111111 1111, 1111111111 11110111 1111111
11111 11. 111111 1111 11, 11111 111 11111111, 1111111111 111 1111111111 w051, 111
11 1111111111111111111111111, 111 11111111 111111111111111 111, 1111111111
111111 1111111111, 111 1111111111 112111 1111111111 111111 111 111111111111111
11. En 111111 1111 111111 1111111111111111111111111 1111 1111111111 -11111111111-
fithom 1111111111, 11111111 11 1111111111 11111 11111111 11111. 2. 3. 11111 1111 111.
,1. 111111111111111111 1111
11111111 1111111 in 1111111 1111111111 11111111, 11 11111111 1111111 1111’11111111 ge·
Me, 111 visse er 111. 7. 1111111111 11111, 11 112111 1111 11 111 1111111111111

111, 11 111111111 1111111 1111, 1111 11111111 1811111111, 11 11Ζ11 in 111
1,...1
1 111 nummu sich ιο ,111 sehet», vna droben 11, ein 1111111111 11133
111 111, 11 11111 111111111111, 81111111 11111111111111111 111111 1111111111,
11 111 111 111 1111111111 11111111, wie 111111 11 111 1111111111 11111111 gangen,
1111111 1111111111111111, Sie 1111 so 111 111111 11111111 11111, 111111 11 Zeng
1111111111111111 11111111111111 11181 e·‘⁸“ '³⁰ 'v⁰¹¹⁰
mun (111111, 1111111111 11111 11111, 1111111111 111111 :tgrzeff’officffi
1111 1111111111111111 111 11111111111 1111111111, 1111111111. 11111 Alter
111811 11111 1111111111111111111111111111111111111111111 111 1111111111.
111 111111 111111 1111111

1111111111111111111. 1111111111 1111 11111 mit 1111111111 111 mm
111 1111111111 111111111111 811 1111111111 111 111 111, 11111 11 Sia 1111 111 111-
11111ω 1111111111 1111111111 11111 1111, 111 (11111111 111 1111111111 in 1111 111111.
mertun 11111111 11111, in 11111111 1111111111 11111111 Ze 11111111 111111
11111111111111111111111111111,1111111111 1 111111111111111 1111111111111, 111
11111111 1111 (1111111 111 11111111111111, 111111111111111111111111111, 1111 1111111111
1111111, 11 man 111 Κ111111ί111111111111111 bey 111111 11111111 1111111111 1113111111, ,
11 111111 111111111111 11111111, 111 1111111111 wider 111111 1111111111 1111111111,
11111111. 11111111 11111111 worden, 111Ζ11111, 11 in 111111111111111111111111113 111111-

chum geben. 111 811 111111111111111111111111111111111, 111111111111111
111111 speciali 111 1111111111, 1111 1111111111111111111111111 111 (11111111, 111-
1111111 1111 81111111111111, 1111111111111111111111111, 1111112111 11111111111111,
1 1111111 1111111111. 11 1111111111 Tng 11 11111111, wisse er nit mehr, 11 s ο
111 11 111 1111111111 1111111111 11 111 111111 1111111111111 1111111111. Da ha 1
111111 (1111111111 11111111 111 1111111111 11111 tugen 111111, 111 1111111111111 11111
11111111, 111 111111 11111111111 worden noy, 1111 11111 11111111111111 nit 11 niffen*
c

11 111111111111. 11111111111111111111111111121111111 1. 11111111111 1111
ty 1111111 1111111111 11111 111111111. 2. 11111111 1111 111111 11111111 11111111,
111111 1111111111 1111111111 11 111Ρ111111111111111111111 1111111 11111.

11. 1111 111 1111111111 11111111 mit 11111 (1111111111 gemat, 111 1111 11111111
1111111111 ι1111111 11111 1111111, 1110811 ,111 11111111 11 11111111 11111111,
w· {¹⁰ 1111111111111111111111111ῗὲ 1111111

⁸⁸8 Β, 1 1 11 , 8 8 2
11111111 1111111 1111111111. Ad Interroga 1-3. 1111111111 1111111111111111
1111, 111111111 11 ι11111111ηέ 1111111111. 1. 1111111111 1111 magt, 111 11111111
11111111 11 1111111111,111111 1111111111ζ1111111,1111111111111. 1. Er 111111
m 11Ἢοῧ.ὓιῐιῐέθιῐξὲμεῐῗῧῃεέγῆἓε 111110111181111111111111 darbey 11111111, 11 111111
hm! 11111111ῗέ11 111111 1111111111111 111 111 Κ11111111 1111111111. Ad 11111·
η 1111ἧ1ῗ11ξ811111ξ13ωᾛ10,ὡ111 1111111111 1111111111) geben. 11811 abet

 

