474 11111111 1111111 1111111.

(1111111111 111111111111111, 1111111 1111 1111111, 111 (111 111111. 11111111 1111
11111, 1111111111. 11. 1111111111 111111 1111111111 8111111 111111111111111111
111111 1111111111 11111 1111111 111111 worden.

XXXI. 11, 111111 1111111 1111 111111111111111, 111 11 aue-h noch 1111111111
say. 11111111111111111111111111 11111 11111111 1111111111, es 1111 1111111111
11111111 111111111, 111111 doch 11111111111111111111111111111, 111111111111 (11111

Q. 1111111111111111111, 11111 (11111111 111 1111111111111111· 111). vt (11
1111111111 111111111111111111 1. 2. 111 1111 11111 111 11111111 der 111111, habe 111
11111111 111111111111111111. 1. 111111. 11611111111111111111111111111 111
111111111111111111111111, 1111111111 Numen genam, oh 1111 1111 111-111111 (111
1111111 1111, (111 1111 dem 111111 11111 11111111. 711111111111111111 111111 111111
1111111 vogen 11 11111111111111111, 111111 1111111111 111 1; m 1111111111
1111· 11111111 werde. wisse 1111111. 1111111111111, 111111111111111, 1111111
lang 111 mehr 1111 1111, sunder 11111111111111111111 1111. 111 1111111111 1111111111
1111111111, 81111 111111 111111111111 111 111111 Τ111111 hero, 11 111 111111
1111111 geben, 111 11 111Ζ111111111111111111, 11 1111111111 11111 1111111111
1111111111πῆ 111 11111 1111111111, 111 811111 11111111011111111111111111111111,
1111 11111111111111 1111111111111111 gehon, 1111111111111, 11111111 11 mn
111111 auch 111111 11111, 111 1111111111 1111 sagon, ob 111111111111111111111111
1111111111111111 111 1111111111 auch 1111111111 1111111, 111 1111 11111 111 1111111111.
1. 11111, 1111111 111 111111. 1111211111»111111111111111111 111 (111 111·
1111111 111111111 1111111 111111, 1111111111 111 811 1111111 111 11111111. 11111
111111111111111 11111111, 1111111111, 11111111 111 1111111111 1111 11111111111111
111111, welches 11111111, 111 111 1111111111 1111111111.

1111 111 111111. Articul: 11111111 111 11111111 11111111 (11111111111111111
1111111111 111 1110111111] 1111111111111 1111111111 11111111111111 1111111111
1111 1111111, 1111 11 11111 vom im boysein (111 Herm specialis 111 11111111 (11· 11·
1111111111 11111111 111 1111Ζ11111 11111 11111111111111111111 11111, 1111111111
111. 111111 11111111. 111111111μί1 1111 111111111111111 1111111 1111 1111111111
11111111 worden. 1111 Er Zeug 111 11111111 111111111Ιί11 Donatus (11111111111111111
111111 alles 11111 111111 magt. 811111111111 1111111111 11111· 1111111111. ja. 111 111111
(111(111111111 111 1111111111 geben. 1111 1111 1111 1111111111 111111111111 1111111111.
11 11111 111111 111 111 ’1111111111111 1111111111 111111, 111111· 111111 1111111
1111111111 1111111111111. 11 Interroga 1. Er 11111 11111 disses 11111111111111111
111111181111111111111111 alles prothocollirt 111 1111111111. 2. Donatus 111-1111 ,
(111 111111111111111111111111111 gemm, 1111111111 111 1111 111 (1111 11111111
1111111 11111111, 11111 111 11111111 1111111 1111111111. 11111111111111111
ww 11111 augon gesagt, 11118111111111111111, 11111111 1111111111·
11 111.

g 11. 11. 1111111111 111111111111111111111111, (111 Sic (1111111111 111 11111111
111111 11111111 111 1111111111 11111 111111 1111111 1111111, 111111 1111111111 -
111111 11111111 1111 111 111111 111111 11111 1111111111. 1111111111 1. 111

1111111111111111111111111111. 11111111 111 111111. 1111111111 111 11111111 ,ᾖ
111111111111111111 seyn. 2. 1111, 111 11111111111111111111, 8111111111 11111· ’
1111111111111111111 geben. 3. Wisse 1111 111111 1111111111. 1. 11. 1111111111
11111111111111111. 11111111111111111111. 1111, 11111111111111111111111111111 ,

111. 11111111111111111 11111111111111111111 1111111. 811111 11111111 ,
(111 111111111111111111111111111 11111111 1111111, (1111111111 1111111 mh ,
1111111111. 11111111 einen ’11111111 1111111111111111111111 111 1111 [11111111 st ,
1111111, (111 11 1111111111 11111111, 11111 111111111111111 11 111111 1111111111
111 11111 11111111 1111111111111 11111111111111111, 111 Er 1111 11111111, 111 111 ,
1111 1111111 111 11111111 1111111111.

IV. 811121ϋὲ 1111111, disses 111 111111111111111111 1111111111 111111 Am
umgt. - 1111111111 1111 1111111111, 11111 10111111111111111 11. 1111111111111111 ul*
sten 1111111, 1111111111 111 1111111, 111111 111 1111111111 11111111ήῆ11. 111 fl ·

71111111 111111 111 1111111 111111111111 worden. (1111111 11111Ε111111. 1111111 Ι
wisse 1111111111111111111111111111111111111 11111111 111111. 111111 111 nh!
111111 (111111 111111. 11111 111111 1111 111 11111111, 1111111111 ⁸⁰50· 11. 11. 111
wisse 11 1111 nicht, 1111 11111 1111111111111111 1111111111. ·
V. 1111111111 1111 (111 ’1111111111 so 1111111111111111111111. 111 111 11111111 ²
11111 111111111111111111111111 geben, 111 1111111, 1111111111111111111111 '
111 Intortus: 1. 11111 (11111111, 11111 1111111111111 11111111, 1111811 Μ “

 

