1111101111( (1105100111. 417

101ς111111111011 (1110120111110130101111. (155 (1101111101 (011((1011111101011
111111111111110111100, (0( (10110101 (101 11110( (1110111101 (1311001 (010 (110 10011310
,0111110111 (0111111131 ((011100101111111011, (01010 501011 sur (1101111111111115511101101
11105501. (11011001110111 gangen, 11111 ihr zengin 1110110111( (1111001111οτ 5101100,
1110150111(οτ 1101550 1-1 (10( 11101110( Arm goschlagen. (115 das 1101111111 gleich
1111101110( (1111( (1001101, 1110101101 der Ziegler 1011101111, (115 11011111( 11010 nur also
11101· 1101101011(015011110111011, aber (101 (01110111 1150 am dritten 111( (150 1011110
10 (10011101, (115 510 201111( nit (1101( 111100110111110011101111 111010( Ι1011( 810101,
111 ern (1101 (10(( 11111101110151011101(80111010101101( 111( (1110511011οῃ 010111 0001111,
((1 11111 101011. (101 501( (101. wie ((01 (10117011 80111101101015101 1001 1010111,
10110110( (11 1013111111( (0110100, (105 sie 011101( 1105511110( (11ιο (101 1100111011(
agen 501101, (1010103011 510 die 110011101111501151011, (1115010 81101( (001111105101111
0101110( 1011111111011101101, (01010111, was 510 (1((11 111011 1110110111( 1005011110(
111111, was es (1001 ihren ((11 10111( gethan? 1110 1100111011( (101 50101105 1101111101
11111101( (1( (105(010( (·0110(, (1((11 (115 510101011111000110 an (10(( 1101111111 1111-
(10100100111111 11(ςο511111 1111011. 1111011 5101011111( etwas 1011015 (11 sie gostann·
101111( 5011111050 (11 (10(( (111101111100111055 11010001, (05105500, (115 (101 0011011111
111 111101( 3011101011, yber vihltelltiges bogvren, (115 510101( 11111111111101110110( (0110.
1οΕ11101111 gvsagt. 510 105010 510 (11, (1111111510 201101( 0111111101 (1(511(15501ἇο1(011111,
11 [105131 510 ((10550 111101( 1101111( 10111011, ((101111510111011. (1111110 (110 0001011(
111110510111111111113011055011, (10011 hernach 1110111801( Stoffvl goruvffen, 01110110
Ι110( nur noch 01( ((111 zu 11111101111011, (1111111510 Zviigin (11(550( (1105101, (1111(
101501( 510 201111( 01110011, wie das 01 ihr 1110101 (1051111, (1111( sie (15 zu Clugen.
nege sie sulthes 11101, (15ἰο 11011111( recht. 10100110011011005 110110 51070111(
111 1101111( 1111( Vogt gofivm, 1111011 1001101, (010101 (110 1100111111( 1050110111, (110
1111 1011131101( (10111 005101( (011011. 1115 (101 1100111011 701110( (11011101 0110111011,
101010105111111101, (115 (110. 1101101111( (115 11011111( 1050111101. (1111101 510 1101101011(
(5111115501. 111155 510 (101· (1010010111 wider 01111111111010 11001100( vnd sie Ζο11-
gin selbige heim (0501111155 (1110110101, 110101 (111 01101 1105010011100( 1101011111(
1111011011(οτ 1111550( 0111 5111101 0111010111 510 (11110501110011, (111 110010110110111111,
111( 510 7101111( 111110011101115011( 1111110110( (110510, (0110 510 5011110111150 5011(-
111, das 510 501011501110111011, (151 1110111010( 1110( 1010110, (1((11 51011110(
5110111111 1111111101·(11111500110110111100, (11510151, wie 11001011 1110111( 1113011101,
1151(11(-1Κ1ἰ((11 (101 11011110 510 0101011101 (11015501, wie 05 (111105 (111111111-
gangen. ,1155 1101· sie 111 11011110ςο100 1111111101 11111 01110( 10510110( 1000111 111101(
1011111001, 1101010111( 11011 111110 Ζο11 010550( 5011101110( 01111101, 0111010 11101101
(10011001 11111011101111111111, (1111111011 510 (1011 1111110( (11111111111 in 01(οω (1100011011-
(11 111111 10010( 5011011, (10011 (0100511111οη, dus entzwischen (10((01111011101111151101
11511111( 11011110( 1101110, (010 110101 01510( ((15 (1111111011-(1111015101011111010011010
1100111111( 1101115 hadt 1101111011, ihrer 1011101101(1 1111101· 0111050111111011011100
11111( 0000111100( (105 andern tags, (1155 (101 11111 1111011111 10111111( 005055011011101·
1111015110οε zuesagon. (0(111101011 ((011 510 01( 1111110115 11111111. 510 mit (10110111-
11101111101110110( (0110). (10( 801( (1101111501011 1000110111, 1110101 11111110( 510
hernach 00101111, ((11 (10111111 11111 (105 1111111111011110011. 11101( 10110111011111100001
111( ((11 11015010111111(11001111 1 (1 01011 hernach, (1155 (510 101111( (01( 1101115011οἱ-
1110111111011111011, ((111111011101( 11110( (1111110111, 10110 (10 (10(50111100100111111, (0.1
1110111100. (1011·11110150111111111101510110( ι((10(. 0( (01(- 111110 5011010 ((11 das
1111111115 01101010, 0101050001511011011, 11101( 510 ((111 (1011501101 01111011 von
1111151101 in (101 9101011101101101101, (1115 01010101101115101 (1100111111οῃ nur daran
0111111. (111 0101110115 1111101115 1100111111 10111011110001. hem· 51011 (1111011111οτ
1111101111 (10( Ponam-n in (1015101011 011101·501(·(“’·(·.1(111(·11 Ι1115501, 1·((1 1111115501101-
11101, nachvolgencltz 0111 50110111(οι- vossun. in gri'sso 0111· ’11111011 (110105501111101
(111 fenster 10101( 1110111(οη. 0101011 (101( 1111110( (11 (10( 11001110( ((1501οη (110 Schul-
111 10505500. ((1 mit 100110( 1111111010( (11· (110 (1011501 [1050111001 1010011110( (11(-
10111 (10( 51111550( 1100055011. 510 101111( (1100501101, ((11 1115 510 (11111111 (1011101101,
10110 5011100110(οΙ 1110( mogo. (010 50111001 1111101· (11( (10 5111101110101( 1105501(
1111111510( 11111155 1101100011, (10 0110101111101111011. In (1011101101101Ζο11101
11110115501050111101110(110111101111101. (1((11 (1111( (1001111115. Zuvor 10110110 510
01501111οῃ an 1110( 1111111101( ersahren, 10110 110 (11055 Vnglic-kh (1111011105101
((1 1111110111 1011111, 1101111001151, ((0101 50101015010111 1110111101( 1100110, 111 ein
0111101 gesehen, das 11110111011011011010111 1551110111100501110011011 50111111 ein

ἱερὴ( oper· vlu. 27

 

