3 1111111111 1111111111· 111111 111111· ’

(im,- ’9188811 Vm· 989
81111611, 81111111ιί11 171817.

·,811111,111μ11117.11,.71. 108.

811111111116111111111111111 μ1ω1μ71187.

811111 111 1111111111111115111111 instituti
, 11818881111111111111111111171 187.

,, ,11111111111111111 1161111171178. ,

, ,· 1111111111111111611111 11161·
61111111 71.,188.
8111111111 nunus 17. 88, Ι166, 188, 8111·
, 11111111111111 1111111.
, 61111711. 181. -
, ,1111111111111111117 161.
, 1111111111117111.,110.
, 11111618111111111111117. 171..
, 1111111111816111117. 178
, mustiones 11 1111118111111711189
, 111111 71. 1081.
flando, 11111111. 100.
(11111111181111111111111111. 116111111. 711 16811
,11 1111111 mnam 7Π. 178.
,,11111111711.148,187.
71111111111111111111111111111111110111
711. 17611.
81111111,1116111.10,869111.11.467.,.(1 111111.)
811111 11111 1688. 1'1. 14.
, 1111111111111.116.71.,188.
8111111111 1161111 ,111111811111181111111111
11111111 61611 1. 81. [7111. 786.
,8118111111 ordinum 1118111111) 11 11111111
81111111 centrum 1111111 11111111 1. 181.
,11 111, 111.·111.
81111161111111111 1111111111. 86, 1161, 6881.
111111. 71. 183.
, 11111111111171. 188.
81111111, quid 11. 87. ,111. 1611. 71. 118.
, compunt· 111111 vi 1111111111 7111. 47.
, 111 7111111 1111117111. 17 ,1, 68.
Gravitatis 111111 71. 106.
, 11 11111181 1111111111 71. ,878. 7888,
811111111111111111 8111111111) 1111111111 ,1.

Gregorius 11111, pont. 1111 8111111111 m· :

1111111117. 411.
Gregorii Theologi 1111111111 17. 188.
8111111, 1111111111 71. 818.
onustus, 71111111 7111. 784.
(11111111111 7111. 18. ,
6111161111111 v. 8161611111.
emmaus, 8161111111, 6111111611ωῲ
11 soclus studiorum 1817-18.
111. 618. 71. 101, 711. 620. 7111.
768. 817, 878.
,11111111 116ἒί111 nemmem 111111
v1. 11. 7111. 876.
,·11111111111111111111118111111.861.
ζ’ 18111”ἵ.11“7’171111.11.9111111
611111 ,1. 861.

ι „ „ 118188111111111111
‘m 711-868, 478.

m· 17117113

7Π. 610.

mmm· ,81111111 1111111- 1111181 =v111 118·
,8111881181 1111611111 11. 1111. m
8161118ῗῖᾮ1ηῒῃ8ἒίἳ6μ1111171 Axati
,,, ln 811111 71. ,6.18
811111 11111611111111 111. 1881.
81111111θ11ἑο111111ἷ1,61111111111111 80.
,, mmm 111111111111611 11181711 1818
1111111. 781171. 678.
8111111 1111 11111111 17111. 688.
8111111111111111111111111111111111
81η11,11111111811111111111, 111. 81181111 718
‚mn msthw‘uu fl. 741.
Grynum 111111111111111111111111111881.
8111111611811 1111111111 16111 71. 188. ·
(111111ἷ111111 ,11 ,111111 -μ111111111111
811116111111 88111111. ·
8111111111. 81111111.
8111111811,11111.118611113111111111116111111.
&ummah 8111111111 1111111111 711. 186.
8111811111, 1811. 7111 17. 617. 7111. 680.
,118111111111811111111111188
,81111111 uomina 1111 &pm uu
1111111111 1111111111 17. 668.
, 11 8811111111 Apologia 1711. 166.
, comatam 1. 1618. 16111111 711. 10.

, 1111111111111111Μ1117.817.υ. . .

81111111 qm. 11 &plnum um 888.
1111111311171711111
. . 1 . ”
nationem 8111111 11616111 71. 687.
8111116111 1111111 711. 807, 810. .
8111611111, 11161111 8111111111111,11 eon·
1111111111 mogun 11 888.
, 11111111 novam 1111111111 1111111111. 708.
8111111111, 11111111111111861817. 117. 7111
„ 1111. eminuerat. 1. 808.
, nalem„ 1111118111. M Baphri pt·
trimus 7111. 870, m.
„ 8111111 uxor 7111. 878.
8111111111 11 oona· 1. 1478. 711. 168.

ῑ fluunt 11 1111111 uptun 7. 111.

811111, v. 8111111.

¹ 111611111111 preco· 17. 11.

8111111111. 111181 V. 111.

811111111.111111111111111111 1111ι11111181. ·

711. 18, 811, 1081.. 118, 186.
,, 611116111111 771. 118161.

mmmmm 1116161111 cunnum 11181111
1111111111 ’7. 188.

81111116111811, 1818111171811. 1. 188.

 

