1111. 018

1110100101001, 00011 10001000 100001011111010100000111101 1010, 0000001οο
1110 11001000 1101101000 ’1000 01011 11101000 00000100 000 00010 101, 00001 1111100 »

010 10111 01001110.

00 000 110111001100 001001 1011 01000100000110 0000 010 01000
101100 010 000 010 ’1110110 000 00000 00000 01000 101 00110 1111010000 101010
101011011110011000, 0001011 001 1001110110 11001 0010100100 10
010100 000 00100010000 Kayser 11000100, 100 0111101000 Beth 110010 100
10. 100101 010001, ,010 1111001101 00101100 010 01000 001101.ιι An 0100011010
101110 001010 000100 ’110110 1100110000. wan 101 0100 110010, 000 000 11000
010000 0101110 Ι0110 001110, volt 1011001101 1011 0000111100 0100000100 01000
000000 0101100, 000 0011110011010010 001001100 000 1011010100 01011011, 0000
0011001100 000 0001010000, 000 00100 010001 001110100 -01000 1101100101 10·
0010000 0110000, 00011 001001000001000100000, 000 0101011001 00010001001001
0000100 0010111100, 000 11010 1010010100-10000000 01100100 1011010. 1100101
010 101001 101001100 010 010 0000000, 11000000 1011· 010 0000000 0110001100-
lm 0000 0000011101 010 101.

1010010 11011 11111 101 011100 00101100, 000 0101001101οι

100001, 11000110 011 1000111100, 011101011 00011 0110011οα00. 1101 11011 101 101011 ⁸

0111100, 0110 00 doeh nur ein 1110110000 01000110, 000 0010010 mir 10011001 011
110 «10100 01010 110000, 00110110 010 10000001 11000 000 010011 1000000000 10100
110 0100 011 100000, 111 11001000 0010100 000 0001010 0001010001000.

11110 00000 1000110 101 001 0100 1010 101010001 101 101 01010 11011
010100101100, 010101111001110010001100000000101001. 1101-
1001. 1010 010110 1000000 1000101 01000 00 0010, 000 1010 00010001, 0011011 010
0011100 Ι0011100000 0101101οη 1000010000 010 mit dem 00010000100110000 00-
00101001 0000 0011 010001 0101000 0010001000 00 1000 101010ὶο000 0000100100,
0000 00100011 110 01010001 1100001100 0101000100 1010011 00110011010.1)00000
bb 101 10 01010010 00010000 000 bey 01100 10100100 versichert, 000 010 01101
amitt 0001000001, 001 10100 1000100110 100 0011011110000100,1001100010·
Νι 010 0010100, 0010001101 11010.

1101010000110011100, 000100100οο1 1011 0000 000100 1000100000010
0000000010011000, 000 0000 010 010111001000111 000 1011 1101000101ογ 1010000,
flumen 010 1100000 10001000 011100 00 00010000 0001000 0110 011000101101,
U 101 10 1110010011 10000100, .Ιο 011 01000 0101000 Becher 0111100 0000010001
fidu, 1100100110 011 001100 010 1000 0010 000100000010100011110 10000, 010
00100111 00011100 00 1011010101 1010000000, 00 1110 101 011 10110000, 001 1011
011 011010 10010 1010 00 1000 0000011101000 800000110101 genehen, 000000010011
d 100 0000110101 1100000, 010 00000 1000 0000100 00 01001100 1011001010οη
000100100 10011 010 001000 01011100111000110111 101100 0001000 0001011000
10101000, 101 101 10 00011 0110011000οο0 000 0010000000οη 011 010000000 0000-
Μ 000 01010110111000000100101001 0010, 000 1111 01 0001 011 011000 000-
finden. 00110110110001000 0000100000 000010, 000 110 100110010000-
10111 0011 00010010 011011 10011001101. Summa 010 101 00001000 011 0010001, 000
m 010 0100 1100001001 110000 0111111000 1000010000 0000101, 1011 010 011
101000100 0011 tom 1110001το0111, 00101 101 mich 01000000 0001 0100111 000-
Μο000 100100 000 010 0001111001, 101 00101010, 1010101000οη 010100010010000
ἡ 01000 1000000101 0100 00 1010100011 00100 000 001010001 000011
01 1110001100 1011 00101100 001 001000 10011100 00101, 000011 010 0000
moy, 1011 101 mich 0110 10 01000 00000 00110100, 000 000 101010οο110

0010100 1110101001101010 810 101 011 000000 0110 011010, 00011010 00000 1100·

 

