XVI 311611.

311611 instrumentorum 1111 1116111111116
comparatio 11. 3661. vll. 306. ,
,, instrumentorum divisio vill. 646.
, 1111111 vn, 336.
,, 1116111113. 11. 61. 404. 111138,
113. Vi. 111. 1111164. vili. 13.
,, iongitudo 1111 1161111 iiiii. 363.
,, 1111116111111. 870. 11 6 1., 11, 338.
111. 16, 33,16,17, 183, 61411,
668. V. 30. 11. 11, 67, 364
366, 1741., 663, 684, 633.
iiii. 336.
, , 1111161161 11111 v1. 174.
,, 11111111 11161111 1111111111 1. 370.
11. 714. 111. 613 11., 631-717.
1161476. ·
,, manuscripts 1. 131, 870. 11. 137. 766.

· vl. 6161. 111316. 333.

,, ,, 111111111616111111117111716.

,, 7111111 1611111 71313. 166.

, 111111111. 161336. 11111. 138, 743.

n nosos 1. 378. Vlli. 616.

,, 1111111111111171. 166, 17311. vll.

,, 161111116111111 11 366. 11147, 67.

,, digitos 111161. 11. 316.

,, , inclinationes li. 367.
,, , 1111611111. 368.

,, 11111 iocum 11363.
,, Solis dismotunm por
1111111 ii. 311.

,, 11 1611111161 subtilitas 116611. quw
111 l. 17,130,133,134. ii 6. 366,
331,313,434,630,766.1116011367,
104. 318. 368. 111. 130. 111. 30311,
314, 336. 331. 338, 377. 306.

33611, 31611, 16311.
37011, 386 11, 333. itt.
Vt 166.

11116111611111111111 11111111 1 17. 11. 761.

, omnimodae 1. 13, 130. 370.
116, 137, 331. 11616.

,, 6116111111 11. 313. 3611367.
373, 373, 364, 3331.

,, 1111111111111111111.303.316.
3131.. 333, 336, 103.

, 61111111 i. 13, 363.

, Solis 1. 66. 11 303, osen.
136. Vi. 133.

,, 1111111 11111167111670

,”, 11161111ῗῖ6. wolffo.

61 1611111111116111111 11611111 1111
obsorsstionnn editio 1111111111 m

,, 1611116111111111.3361113361

, 6111111111111. 133. 11. 131766,
834. Vi. 616.

161111. 1301, 111. 60. vili 6111

, opimi-osmi, 1111111.
313. 373. 386. 11. 176 111.
368, 136, 664. iv, 111 11.
34, 64, 610. 111336 nit
643. Epistularum 1111111111
editos i’ii. 336.

„ 31111111 memnonios.
11. 33, 331, 1031131.. stu
138111. 111. 33, 161137.

, Bituitum 1. 131. 331331
11.137,366. 111. 366. im
1Ὶ. 131. tit. 6111111316
306. 703 1111. 616.

. 11111111111111. 104.

’. hasmo-sto 1. 111. 111
1116111. vt 111. 111. 111

63411.. 633. 6436136031.
111. 116. 167. ulit 611.
quoodo 111111161111 663.
711133. 336.
,, Prosymn. 16611611 1 616111.
, ,, . 1630. 111. 333. 1661111131.11.338.11·.
„ 01111111111111111111111111. 111337, 133, 633 iiii-'⁸
,, 111111111111111 sorus produnt 66811.
1. 160. 11. 64 ,, ., 1111611111 11111 111701.
,, 1111611111 11303, 316, 318, , , Pronmu. 111111111111116111
363111. 6111, Vll. 313. 336. 363.
· finium ΙΙ. 165531, ⁸3⁴- w. ῃ ς we mn· ¹⁰¹· ¹⁵²2. ῑ. ¹⁵:-
640. 111466. 11111. vlu. til·-
„ ,, 11111116611161161111111111611 , 16111111. 43.
111161111..111’.33. ,, 611111111111 11 tumetium nlnEm
,, ,, 116111111611611111116111. 11. 336. 338.
131. 11. 38, 60, 67, 64, , , 1161111 11. 336, 331131
61311. ,, 61111111 111. 141. 463.
, ,, 1111111. 366. 303. 333. 347. , principium numerandi 111 1111611111
343. 368. 11117. 11364, , 6116111111116. iti.
136. 471170. , 111111ῑί11111 116111 11 180. too-s.
., . 11111111.13.133.11.336.111. 103111. 160. 164. 640. ,111

71,31,111,11111.,11111., , donum Psn‘u 170,1ω. 116111

,, 161111161111 seronychiornm 6111111-
11111113.
, ,, 11611111111111111319.
,, antiquiores 111. 666, 6601.
, „ commentitii. 111. 6111.
, .. ,1611011766
vll-259.

 

