cxxxvi

Plancina
corpora 1881 gravia 1. 181, 807.
, ,, maguntina 111. 108 at 8888.
, 11818 1181 1181811818 ll. 888, 881.
,, ,1188111888 11. 484.
1818181 nativitatum 8888881 1. 688.
81188188 881 1188818171. 184, 888.
1881818 num 8181881 i. 484. 111. 488.
gemmis 81111888 corporibus 8888181188181
1. 78, tuo, 148. 71. 878.
globum 8818 1111811888811118811818111
111. 418. vi. 878, 8888.
11888881, 8811111. 481, 487.
magnati 8818881811 v1. 878.
818181118 densitate cognati vi. 881.
1118188181 8811888188 immaturiataur 88111
1. 888, 880, 888. 111. 804. 111. 8811.
18181 181881 81 11111118, 18181 78881881 81
Mercurium 1. 107.
8118818181, 88111881818188818 8. 1888811181,
1881811111, 888818 71. 481.
8118111111, 1888818111 11, 818, 888, 888 88.
81 88181818 inclinati 881818 i. 807, 880.
cum 881881 Luna comparati 1. 871.
18 881881 888 agunt 11 tractoria ob 8111118-
1881181181 Vi. 877.
8888118181,181811818111. 418. 111.8818.,48818.
18111, 1818888, 888 1811888 111. 481.
811181818118111. 808. Vi. 148.
volvuntur circa 81881 11, 808, 881. vi. 148,
888, 8881.
8188811188
8888118181881118 iii. 178.
anomalia iil. 87, 174 81 paor. 111. 888,41811.
8888181188 18 tabuiis 111. 488.
8888818818181 71. 488, 7081.
8888888, 881111. 488.
apparitiones vi. 4881.
88111818 motus 1. 187, 111. 880 aa, 441.
81888118181111. 818, 888.
astrologica consideratio 1. 132, 147, 178,
887, 81811, 871 81 paor. 11. 887,
78181. V. 884 aa, 408. 111. 48811.
8111 1881188188111. 418.
8811888811 {acuitas 1. 4881, 11. 418.
calor 1. 4881. 11. 144.
881811181 11. 888. 111. 8041.
cularitatis 8118111181188811188 111. 87818.
81188118811 vi. 400.
88888818118881118181881888 V. 88111.

8818188 1. 48881, 8418. 11. 884. 11.-488.
conjunctiones vl. 448, 708.
corporum 11118188 881818 Vl. 874.
corporum rt 1811118118 proportio li. 470.
11. 884. 71. 88811, nub.
1111118111 8888188181, 18188 11. 818. 71841,
880, 888 8., 448, 881. 711 . 888.

,, , tubo 8811881818818 8118818181-
hibentur 1111. 8881.

distantiat· 8 8818 i. 18, 1141.. 18011.
111811, 188. vi. 81, atr.

81888188 ·- Pium

· 81888181881
1111881188 88818 par 81118818 damu·
111. 40718
‚ comp. 8811 8811888111 7. 18884, 8108.
,, unm 8 8818811888 1888181118 in·
8881881. 18, 184. 7. 878. in 81111
18811818 1. 81818.. 887. 888. 71. 181.
181888, 88881818 distributae 1. 88881 μ
8188811181, 8811 71. 418.
8888811181181881. 181, 188, 188. iii. 8811.
,, 81 harmoniis 11188188 V. 800 81.
11 8811811888 18188118, quid 111. ru.
8881118888 81 occultatiouun 888881 ruia
18111 v1. 4871.
818118118888 7. 411.
1111188 internae vl. 878 8.
81 fixarum stellarum 1188111888 Vi. 184841.
humectandi 18881181 1. 488 8. V. 418.

inaequalitas Ι. 8. 888188118.

1888118 11. 808, 808, 881, 787.

1881118 1. 807,880.111. 808, uta. 71. 118
841, 878, 8748.

intelligentior 1. 180, 178, 88818, 818. M

111. 88, 178, 818, saba 71 pan
latitudines 711. 488.
linitum 818188 Vi. 8881, 487.
1888188888111888 Vi. 488, 4888, 448.
, 8811811888111. 814.
, 18111881 11188 71. 448, 807.
1888 181118 188811 1184,188.818. 71111.
880, 841, otti.
,, 8888818811 rogoin 888818118 vii. 8811.
181 8188118 1, 484. 11. 888.
,888181844 71. 488.
,, quatenoc aKeplaro 81811118 84 cupii*
11811881 acrum 1111888 ambarian-
88888888 881818 1. 880. 11. bat. 111. 8881
888111. 848, 87488.
188118 1. intuliigrutiar.
188181 18 arcubus orbitarum actitatum
triangulorum 111. 8881. 71. 41011
118181, 18888188 81888818 8881 8884188118
maii 11181181 111. 178.
,81 chronologiam adhibendi i 1101
, cum 88818 harmonico conparati 1148
87818. 111. 178. V, 87018.
, comparati 1818118 71. 888.
, cribri 818181 conparati 71. 884.
,, 1118818171. 448.
,, 118181 inaequale, 8817. 877.
, 8818811111 vi. 440.
, 81118181 111. 807.
, harmonici 1. 140, 148, 188101881-
11. 878. 11. 18. 48, 8881, 811·-
418. 111. 88, 804 18, 488, bib.
„ 11818111 Vi, 887.
, inaequale· ii. 888. 111. 108, tta, iil
887. Vi. 888.
,, 8181181181. 847. 411. 171. 71 tit.

 

