clv soon-sumum

811011 00011 1111. 004. Stollm
‚ 1100110 1101101101 1. 190. 111. 470. ” 0010111 11194.
, filiun, Hieronymus, uoluit 011111 11000- 011110111Ἦ10000011101 Π. 110, 010. 111 410.
110110011000. . .
8111111111, 1010111, 00 0011011 1000. 11. 119. 0111111111 110111 11 071 11., mu.
8111010011111,1111111. 01, 11101011111101 11. 109, 001.
1111. 940. ,, 111 11010111 IL 010, 090. 11. 10οι
,, 0011001011 110111 110110 01 11111111 111- . 1001011000 uritis 11. 109 11.
010111111. 797. 011111011011 0110001 1111 11. 114.
, filios 0101 studiorum 01111 1110101111 01101110 010011111110 11. 11011, ⁴29-
11111111111 008. 1101111, rignum 1111101111 11111 I. 401.
οἐη1011οῗ11111101011101111081101011011111111081111 11111101110111010101110, 1101 11. 1151
01 00110111 0101101111 111. 7. 101111100 0111111100 11. 110.
81111ωο0110 0001011 11001. libellum 10111010 lum IL 1001., 000. Vl. 401.
01 00110110 VII, 117, 1111111100οα 0110011110 Π. osum. Il. ut.
011101100111111 111110011110101111011048. , minuitur tubo 001. 11. 419.
1111. 800, 810. mort 11011 00111. Inungui· 11. 1101

. 81110110 (110111) 1111011 110111111001011110 motu· IL 011. vi. 019, 010.

11010101111111111 ΙΙΙ. 000, 090. , 1001111101 11. 000. 11419.
11. 011, 110, 401. num· eon 011001 eoum 11 m
stonouboiio 1111. 809. nument 11. 000, 010. Π. 100.
110111, 1110111111111010, 410.1111.10,11. ortuo 01 0001111 11. 110 ι, 1001.
, 010111, 101111 1. 004. 11084. 11114, 0111111111 r. 101.
107. 111. 170. remoto 0111 101111 0101ου111 w. 040,
, 111110111101141,14111181, 1011101100 11. 080. 11 040.
171. vni, 1014, titur 111 10011 1011111111 11. 01011.
, 1111101111110010 1. 11111 Coti. 1001011, quo 00111 11 11110011011.
, 10001011, quid 11, 010, , num 11111 11 07111, 008,
, 0011111,111111110111111110111111100.(100011. ,, 1011001111 11. 010, 000.
1. 4111, 0011, 100. 11. 00, 000. , 11101110 01 1000110 1101011111 11. 011,
0101111 0110 10011111 0111111101 11 004. [iii.
111111011011111110 1100 11. 01911. , 010001110100111011111101011110011
nuru 011011011111410.11.140,000. [180. suno 11001
11 quot 0111101 1 1011110111 0111111 11. 970, 11 0111100011 1071, 0111111011 1. tm
1111100111011011111111101 11001111,11111.111. 1111000 01101 1111010111111 opimati
11101011 visto 11. 1911. 11. 071. (11. 070.) vm. 011.
111111οἱ100 uum 11111111. m. 11. 110. 1010011010 1111 11. 089. [rot
111. 41011. 11 011 11.. 717. 0101 01111111 01 00101 1 474. 11. 190. 10,
111011 proprium num 0100111 11 481. compar. oum 110111 ι 1004. 1. 071
1 muudi 10011 01101111 111000110, 001101 10- 11. 08911, 701 01 pu.
0110111 11. 089. 11. 107. 01111111 111110 0101111101. 1. 011.
11 111100 quomodo 0110011110 11. 10011, niu· 0111. 101110111 11. 707.
10011111010111 001101101001101111108. 11011110 mundo 0010101111. 011.
011 11010 0011010 ridentur 11. 000. 11. 181. , lumino 0111111, uon 0111111111 11000.
111101111111 compunta 1. 114. 11. 081. 011101110110011111000 10οπ111011111001
11110. vim 11. 100. 11. ror. 101 1001101111οω nrm„ 1 nr
num rotoutur 01101 1111 11. 194, 080. 11401. 080, 709.
,, 1 Soio illustrentur 11. 081. 11. 481. 11110110101010111 1101111010 n 111.
, 8011 0011οι111011 11. 000. 11. 0041. 1111011101111 II. 190, 091.
Turno 0011011111111. 091, 101101 11111111 11111111 1001. utut.
0101111111 , 1101111111111001111. 040,ωο

, 10110 astrologico 1. 040, 049, 000, 084. eim 101111111110 11. 701.

11. 210, 103, 110, , 0111101110. 11710, Iti.
10 100111001111 promotio, quomodo inqui· Iu 00110 1001. L 004. 11. 70111.
11101 11 m. 1100101111 00110011 111111 II. 701
mititudo. num 10 temporo 0110001 1011 astronomum 11110011 0111001111 11071
111. 104. uum 001111111 707.
1110111111 11. 111. qundo 01101100111 11. rut. (01111 iiis
1111111 1.111111111011111010.11.719. 1οΙ 01 1 quium 0011001011 1111 11. 107.
11010110 11 0101111110 11. 100, Ibin, 770, 771. VII. 140.

 

