11. 1111111111 11 1111111111. 207

111111 31111111. 1111111 Β11111111 11111111τοί11 (Dumnorix) 1111111 Orget-
11111, or 1111 11111 11111111 1111 111111111111111111, 1111111111 11111111
11111111 ’1111111 1111111. Dinon boden gibt Ε111111Η11111 11111 111, 1111
111111111 11111111 1111111111 1111111 111 11111111 1111111 worden, 11111 1101111-
11111 11111111111111 11111 111111 111111111111 111 1111111111111 1111111111
11111. Eo 111111 111111111111111111111 111 1111111 11111111, 111 11111 111111
1111111111 1111111111 111 1111111111 111 111111111111 noyon. Er 111111 111 mit
1111111Η111111111111 Hom machon. 1111 1111111111 Worten 1111111 111 1111
11111111, 1111111 11111111 11111111, 111 11111111 1111 wohl, 111 111 jeder
11111 11111111111111111111 1111111 11111, mit donoolbigon dreyen 1111111111111-
1111 11111111111111111 1111111111 1111111111111 1111111111.

4. Ao 1111 111 Η1111111111 111111111 1111ιοὶ11 worden, 111111 111 1111
0111111111 gorangon gonommon‚ 111 1111111111111111 11111111111111111-
11111111111 1111111. 111111 1111111111 11111111 111 1111111111, 1111 11111
Strato 11111111111111111. 111 imo 111 111111113 11111111, 11111111111111111
1111111111111 11111111111111 bey 11111 1111111 zusammen 1111111, item
1111111, 11111 11 1111 11111111 1111811111111111111, 1111 1111111 1111111
Gelo schuldig 11111, 11111 11 111111111111111111111, 11111111 1111 11111111-
111111 11111111, 11111 11111 111111 1111111 1111111111 111 11111 11111111
1111111 1111111111. 111 11111 111 (11111111 111111111, 111111611111111111-
1111115111111 mitt 11111111 11111111 11111111111111111111111 111111111-
111111 1111111111. 111111111111111111111 0111111111, 111 1111111111 111·
111, 1111 111 1111111111111111, 111 habe 1111 111111 11111111.

1. 11111 11111111 1111111111111111111 111Η111111111 1111111, 111111
11111111 11111111111, 111 wolton 111111111111 11111 111111. 1111111111
111 1111111111 111111, 111 seyen gonuogsom 11111111111111111111, 1111111111
1111111 11111111, 11111111 111 zahl, item 111111111111111111 111 1111111111
111111111111Η111111·111111’111 on 111 1111111 111 Τ1111 11111 1111111111
11111111, 111111111111 111 auch. 11111 thanen 1111111111, 1111111 11111111 11111
11111111 111Η1111111111111111, 1111111111111111111 1111 (111111 11111 111111-
11111111111131111111. Jedor 1111111 1111 drey 111111 11111 111Η1111
aoso mitnemon. 111 1111111111 11111111111111111111), ’1111111111 (111 11111111-
1111111 Lasobirger (Latobrigos, Losonner) 111111111 111, 1111 111 11111111-
siges 1111111111 11111 1111111111 111111111111 111 111111111111. Dio Baior
1111111), so 1111 11111111111 gewohnot, 111111111111 (Noricum) gozogen 111
1111111111111111111111, namen 1111111 111 1111111 11111 1111.

1.Ε111111 11111 mehr 11111111111111, durch 1111111111 111111111
Laudo 111111 11111111, 111 111 11 11181111111, 111 word 1111 eng 1111 11-
1111111111 11111111 dem Borg Jura 111 dom Fluss 111111, 1111111111 111
11111 1111 dem 111111 111111111111. 1311111111 111 Borg dabey 1111
1111, (1111111111 1111 11111 1111111111 1111111111 11111111111Ρ111 vor·
1111111 11111111. Der 11111 Ρ111 war 1111111111111111111, 11111111111
1111111111111111111111111111111; 1111 11111111 111111111111111 111 Η1111-
brochon (Allobroges, Sobaudi, Sperbrechor)‚ 1111111111 1111111 111111 1111111,
11111 (1111111111 111 1111 111 vnd 111 11111111. Dor 1111111111111 1111111111
gremium 11111111Η11111111111111111111, 1111 111 111 Bruckh 11 11181111
111 Η1111111111 1111111111. 1111Η11111111 1111111111, 1111111111 111Η1111-
111111111111111111111 Worten 1111111, 111 1111111 11111 Durchzug 11-
11111111, 1111111 111 ohne 111 111 11111111 1111 111Ζ11111111111111111111
111111, 1111 wolton 111 111111 1111111111111111111, 111 111111111111

 

