Frltlerlcut- 6611111116.

XXXVI

7116611666 76111666. mentitum 10, 16611. 6616111166 teos 6161161 111 in sptlehph
11. 796. chlesue 61 66611 1111661616 11111.
. suum 66666661666 1. 7166, 808. 661661616666 7.168. 71 117.
061166611.66.[’6166.611116661, 66111161 11. 671.
,1166 111166166 1666 616166116616 7. ,666616161111661116 11. 167. [177.
,661661666161116166666116611861, 661666161166661166666111116111111711
1111661161,17611.1)6611 decretum 6611661616 , 166116666666611611661 711171.
· 61611616 166616 7111678. “ , 666116 ,16611616ιι 71 69.
,1116166 66 1666661666 7111. 689. , , Β166666711. 186,17011., 177.
71161116, 1611161 11166161. 71 818 1. , eut ' , , 61166166 711. loli 61.,176.
7111. 910, · ,66666611111118Ι 71. 68. 71118,

7111611. q. 61116116 6616116 1. 616, 616.’ 110 ss.

711713. ,06666166 66616166 1. 66,10, 61
, 16 66611666 66661. 811 11. 608, 671.
, noctium 666611. 676711. 630. , 6166616066616161 hypothesin leque
, 1676161860, 660. 1617111711.

, 16 066616161 hypothesin uon publius
1116111 suno 1697. L 10. 11. 671.
7111686.

, 66 fixurum 166166 66616671181

, 16111 611611616816116 11. 668.

, 11666116 711 177.

,, 66166666 666166 edit 11611116 eoum
Η. 61666166 711. 160, 177.

Fullchlieullsmpoltsbll⁹ professor 1661616616.
011666 66 6616111116 11166161116661
, (le 67111 6116161. 616. [1. 196.
Frlschlini 6111666611 1. 816.
, 1666111 (611161.) 1. 816.
7111116 celemitetee 1. 311. 11. 761. 111. 61.
16 7116166611 1166 66 11661161 7111110.
7116166, 1. 66666.
7166611666, 66 16666 eclipsi 6. 816. 11. 801.
1116661161 0616616116 11 110.
7166116 iornix¹ 66166111. 118. [16161616.
71661166161616716.11666166.161716166-
, 6161166166 71. 681

, 66 166166666166161.160. 11. 186, 688.

, , , 661616 11199,670.

,, , , montibus II. 188, 669.

, , , 6611611 1610.11111.
6. 1111111166.

,, 76111 1616111166 primum tube conspici

,71661661 6166661661. 101.
7166661661 17.
7111666111 17616166 1661111166 71. 668.
71616616 ’16116 6116161166 7111. 87.
Frumenti etc. 6161166 7661616661606168.
76666166, 0661166666, 616116 161611 16166166
tubum optinum 11. 171,171.
761161, Phil. 66,, 7111. 761.
Fulmina, 11616610, 889.
, 66661 818.
76666166 66 eclipsi Solle 1611. 11. 316.
7666611 chronologia 11. 116.
766616661616116161116, v. 1111616116.
71166166 1161666616117. 66166.
Fusius, medicus 1. 070.
, 6666161166 661166 medicis 66666611166
censet 1. 618.

6666116161, 1661616666, 61166 vinculis 116·
61161 66 6666 1616. Ι. 61. 7111. 708,
,, 161666166861111. 7111117. [711.
, medicus 616111. VIII. 688.
6661161, princ, v Β61616666661.
6616116, 1. 66166166.

6116666 66 616666 61111616 1 608, 618.
,66 66616 11. 117.

,,66 vl 616661666 1618

,6611611 terminis 6111616661616161 2 6

fflmn.m.

Men. 161611. 171.

, „mmmwmmmmm

6666

, 66 Iovis 6616161616 61611661 6 1111

11. 671.

, , eclipsibus 1611611661 sstellitul'l.
, 1611116611 661616 11. 671. [llll

‚ uIIeplero detonsus 1111661161111881..

600 66,

, 11661611 lusum 66 comens in 06611

666 intelligit 11. 119. 711 171

, 66616166166611, qul primus sihi ee·

6166666111 11. 167.

, 6611661611 71661666 1 (0.
, 11661611 opinionem vulnerent in 11116

Solle 16661111. 787.

, 6611666116 1611116116 11. 786, 786.
, 1166166661661 eliens. II. 161. (67.117.
, 61611666 66666166 6616611161.
,, 66666 616 (6166666166 1611 6 usp

1161161116 6666 6661611 Il. 167.
,16616 sinen 11161111 7111. lie.
,66 orbibus 1611611 in coele 711171.

, ,766616166611666661611667 [hii.

1,6116616166 corporibus 11. (66501
7,,1616661616 hypothesin 1616661166·
1611666 optico 711. 178.

,81161666 ,161161616661ι obses-essum
„ Solis meculss 66111111 711 m,

,66 1161161116 iumine 11 see.

„ 611616141ξὲ66 661 tuln eh

 

