8151551551151 - 1111501.

mgnum 11151115 promittit 0801001 07081 ‘impla in Tm vl· 333·

5511, Ι5511 71. 3051, 850, 872.
5115151111 11 5115. regul. 51055111 7. 155

15 1511 71. 02.
' 111115511511115),1151511. 151151. 7117001.
1111511111 1. 300. ¹
111111 11. 181, 200, 020· 71. 825, 884.
155111151151111115 51115101 711. 755.
Boioi, 1. 111511. 151151.
15151111 1155151111. 580. 111. llius„ 300 11.,

118.7.25011.71.31411.,87111.,87011.
115111511 151511 1. 11111111.
1051111 15751551 11. 740.
11115515 Veneto, 1501515111 11151111 1111111551-

tum 11. 0081.

115151
mmmmm
1111511111 111. 1771. 71. 104, 175, 888, 840,
155511115171. 175. [372.
555ωωί115011 71155511 711. 0211702811.
15 consequentia 111. 172.
51155155 551551515111 1551111151 11· 10711,
0151551 71. 10811, 214, 482.
015151111111111 11551111 711. 227.
551151 55115155 711. 222.
gravium 10 centrum 71. 10811.
55111151 vl. 500, 504. ·
,, 51151 71. 405.

11111155 principia 71. 382.
5111511151 71. 875, 878.
5515515155 111. 177. ⁸
511111115515111 Ι. 581.
5115111151 1. 507. 11 814. 111 177.

, 555 51151111 11 5111511111 11. 018,
55111551 11, 137, 074. 111. 458.
ffiwwmmmnmmmm
515115111155 555 711111 51515 5515511111

71. 878.
51551151 Vi. 100, 308. [172.
puncti 15 711111 1551111511 11. 078. 71. 170,
1115511, 115111111515101115111 5555111151
mmmmmudmffln
1155111, 5151151511 11155111 5510 111. 115.
11511111 11111111 5551 711111 5515 55551-
111171. 87811.
11101111 11 velocitas arguit 15555 15 515505
1515111 arguunt 1101115011 55511155 711.
711111 1. 711111 155151. [227.
1115101055111. 117,185. 111. 481, 508.
mmm
uniformis 11 0155151170. 180.
violentus 111. 152, 71, 104, 175, 878.
mwmwffimmssffli
555111
15111111111111. 1801. 71. 182.
1511111155 5111111 55111515 111. 1811, 1101.

’ 71. 1771, 887, 8721, 882, 472.

,, 1115115111 51151151 11. 004.

, 555 115115115551511 11 0111151111 511-

5111155 1555111111 Ι. 1411307.
111. 172. 7. 5111. 71, 515.

1155501115155 5111111115 5155111111
. 10 , 100.

1151555

molendinorum 555 511511. 1511. 5555.
principia 055 71. 5221. [850.
Mutuum 1511111 111. 171. 71. 880.
51111111, 1115511, 1. 811555511551
1001111111 155, 5515515111 71555511, 5511515
511515111551 ,1111115111 8115 1115111.-
11511. 801. 711, 118. 7111, 780, 741,
740, 7781.
, 51111, prior 15111151 0515511510011111
7111. 080, 601.
Miller, 71151, proi. 7551 . 01 55511. 8,
14, 84, 18811. 88 . 5511. 71. 882.
vni. 40, 8881.
, 11115115551510155151. 10. (15 11515515
15555η1
, , 511515105515155151 (1511115151 51111
101515115 ΙΙ, 415.
ιωψηπψῶψᾟΜ·
71. 48. 711 820.
..ύωωωωψμψψ
5151 115. 711, 580.
,, ,01 555111 1. 1818. 711. 8211,
108, 1441.
, ,, , 05115115555111111111111.
,,Λ5Ἵ5Μωωυ1’
11051111, 11115. 1 5111111511, 1, 11151111 11151.
1155111151, 01 0111. 1515155 1,. 20, 188. .
, 10. 8511111151 15115151 11115. 7, 40.
multiplicatio 5511111 711. 000.
1155051 15111111 v. 5111151,
,, 11111511 5555115151 71. 811, 814, 510.
,, rationo 55515151151715111151 11. Ι270.
,555555155155515
71. 140 143, 810, 881.
, vulgo, 5510 71. 122. ’
515501 anima ΙΙ. 270. v. 81, 25111.
Wmmmmmw
, 1111111 vl, 488. 711. 75111,
„ 1151155 71. 10011. ‚
, 5555111115 155 1515111111. 001, 070.
,, 5515511 1511111 5155111111 11, 501.
71. 82411,
, 5111115 1. 184, 11111117. 1081,
, emtionis 115555 01111111 1551511551»
01111155 71.’ 850. 711. 701.
, 1115111151 1115111111 11. 001, 701.
,, 515111. 128. 11. 101, 71, 140,
517111591101781 1¹· 490, 500, 5041 068·
,, 1555111151511111. 500, 08711. ,
, initium 1111111 12 ¹84· vn, 71011· .
, magnitudo 1. 08. 11, 072, 070. 71. 0071.
, 511111 511151551171.81011.
5111155 proportio 71. 8811
7, 511151. 51.. 1. 151 71115
,1111151111 -

 

