XL

> 8616616661 -

8616611661

8616116861 66 6666 0611611 661611 17. 616. 8611166166 66616661. 140, 870 16., Μ

, 66 6611616616 1. 87.
,, ,, 0666111161 hypothesi 1. 87. 71. 680.
, , 8661611 1666611. 66 8. Coeno VIII.
,, ,, 11661611 (1616666116 1. 206. [868.
‚ ,, ,, 666 VIII. 867 6., 866 6.
,, ,, ,66166616 6166661. 718. 888.
,, , , hypothesibus 1. 87.
,Ἰ 7166166281ἛΜΙ1111111661616166 1661611-
- dum 6661116 66116 1. 28 e.
, 6611661161 6611611666, 81661666 66-
66666124.
, ,, 816116 1161611. 64.
8676616866 616666 theol. 061111. 718. 708.
8616616861116, sem. 611116 8611616611.’886.
8616666611, 8., 61666116116, 61666166 166161-
1166 11. 707, 866 6.
616115110311111101111311 vn. 166.
8666611 obeo. 6666166 167711116666 711288,
246 6. 266, 2881.
8666616666 1166161116 1166616611 11611111 16166
’· 616118. 666). 7111. 761.
8616661166, 6161661661661661, 6161166
66661161 1616616616 116666166 VIII
8611611 66661611. 828. 711, 4.
1111661166, 101, 211, 624, 674.
8616 866 866666, 66 666616 11. 206, 419.
ummo-Pomm, 1116 66166661 861666111
Hammon 1. 61161161.
86661661, Δ. (8616666611616) VIII. 760.
8611666116, 11166661 1. 60.
, Ι6611111 1116166. 11661611161166 161617. 8.
,, 66116166161. 1166161116.
86666611 66161616 66 6611666666 do 8661611
1616661666 III. 616.
,, 1116 11661611 611.17.4. VII. 146, 447.
(7111. 616). ,
8666611666 611116166 11. 724.
8611611161. 67. ·
, 66 6616616116 11. 72.
, 81166116 Η. 74.
,, 866161106116611. 74.
,, 66116666 666616661166 17. 661.
,, , 1611666 ponderum II. 71. 74. 7606.
,, , reboo publ. 16 1116116 11. 74.
,, ,, 16116611666 11. 71, 74.
8611616 molum ex astrologia 6661161116 II. 68.
8616, 66 6611661 Solio 6. 1606. 11. 408, 828.
8611116616 616661166, v. 166611. [(606).
,, 6666166166 V. 217,
, nemausum 11661611 17. zoe,
288, 410, 488. 7178. VIII. 866, 868.
8611666166, 66161. 144. 11. 680. V. 66 6.,
217 66., 428.

[611 a.

, 661661166616661. 6666161661.146,680. , ,

, 1111117816161111161611616..
111. 11. ooo, 111.
, 16 6166161. 600. 7. 406.

7. 24 61 pnes.
,, 6616616616116666 V. 018.
, 66661166, 61116166 66116 66666111 ab
, 6666 611611617. 410. 71. 481.
,, vox 6661111666 7. 422, 428.
8616661666 61 6666616616 cognato· 11. 602,
,, 6666661. 14411 600. 7. 6666
, genere 71 64, 218 66.
, perceptio V. 64, 222.
, 1616161 7. 226.
8616661666 6111616666 6661661616 1 141
11. 644. 7. 10, 142 66.
, proportiones II. 687. 7. 106, 1266,
146, 216 ee.. 278. 71. 616
,, 16116666 16 616661 moen 11. 441
8611666ω7616131614, ephe 11661611 me
„ 6661661616311661166166666777-70.
(611. 7. 64, 67, 462).
, 616616116 66116116 7. 8-74.
, 1111161 166616666 7. 60.
,, quo 616116 1666116 V. 7, 66 6.
,, 616716166661661666166616661167.
,, (6666116 1666616 61 66661616 I. 101.
10766, 870 66.. 420. V. 67 6, 146.
627, 416. VI. 26. VIII 8661011
,, 66661117661116. 6181661661 661616 761.
,, 11111116 61161616166611616 7. 7.
861666166 661116 1666161 86666ωό11 el
,, 66666661661. 148. 7. 71.
, 16616166 7. 67, 270.
, 11611 qumi 6666666166 7. 877.
8616661666 6666641666 v, 616-611.

. 8616666166 II. 748.

861666161166 66 Ρ1116616 17 . 86.
8111616661, 616166661166166. 11. 788.
86116666, Prono. 17. 248, 886.
8611666666, 1., 168. VIII. 844.
86116666 66. Ρ16661 perspectiva· II. 161
..111111111111711111 '³⁸‘
8666166116 obe. v. 86611166.

,, , 16116611666611.2121.78.211.
8611116616 016111 6116 16666116 11. m
Heydoneo VIII. 766.

866116 66 661616616616661611 7111. 771.

1666666666 septumo 1661618
VII. 806-687. (ex 666. 761161]

86666611611 86616666. 816. 66 6616616 1114
17. 176. vn. 21, 76, 88, 142.

, 6611661611 canon. Puer. 17. 174
,, Hermoni· V. oh
, ,, , typo Rodolphimm 11·

11166 116661616666 71. 688.

866661161111111 6361611166 1611661161ῐῇ

 

