1111111111 1111111 1111111111. 397

1111111111 productione 111 (11111111 euch 11111111 1111111111 werden) 11 111111·
werten? 11. 0111111 1111111111111111111111111111111111111 1111111, 11111 ohne
mittet, 11111 111 glauben 1111111111, euch 111 111111111111 Productiones 1111111111
tt plerin 11111111 1111111111 1111111111111111 12. 01 111111111111, allein 111111 11
0111 1111111111 111111, 111111011111111111 13. 01 Ε111111111111111111 obrig-
1111111111 111111111111, 111 111111 man 1111111111 111 11111111111111 11111111 geben,
1111111 er 11111 11111111 1111111111 11111 111111111111111 11. 0111111, 11111 Kepplerin
11111111, 111 11111 11 111111111111111 11111111 11 111111111111111111111111 11111
11111, 11111111 billich 1111111111 111 11111, 111111111111111111111111111 1111111
111 eueher 111111111111111, 111 111111111111111111 15. 0111111111 111 11 menn
111111 11111 11111111111 (11 111111111111 11111 11111111111111111 111 111111 Ρ11-
renen 1111111111 1111 11111 1111111111) 1111111 111 Keplerieehen einen Becher 111111·
1111111 hene, nb 211111 bey 111111111111111111111 1111111 111111111111, 111 1111111
11111111111111111111 11111111111111111, demit 11111111 111111 11111111 werden?
1101 11111111111111 111 111 1111111111 zahringen 1111111, 11111111111111111111111
1111111111 111 11111 111 Ζ111111 11111111111111, 111111 111111111 1111111111, 111
11 1111111111 21111 1111111111111, 1111 mann ihue zue corrumpieren 1111111, 111 specie
anzeigen. 111 111111 111111111, wie 1111111111 111111 1111 was 11111111 werth
11111111 1111. tt. 011111111111111111 nolle 1111 1111 11111111111111111111 11111111
Ε111111111111111111111, 11111, wie, 1111111111111111111111Ζ11111111111811111111
11111111 1111111111 mit Geschenekhen zue 111111111 1111111 haben? tr. bZettg
1111 111 1111111 111111 111 1111111111111 1111111111111111111111111111111111111111
1111111111, 11111 11111111 niet zu 11111111. 19. 1111 11111111 11111111111111, ob
2111111111 11111111111111 1111111111 111 111111 zue 1111 F. G. 011111111111111111,
111 111111 111 donatorem in 1111111111111111111 gebracht 11111 20. 0111111
11111111 0111111111111111111111111111111 ee 1111111111 ein 11111111111 1111, 111

effingere 11111 11111111, 111111111111111 1111111111 mit Ilexenwerek 1111 1111111111
1

111111 88-113. 1111111111 1. 01 11111 Ζ111 111 1111111 11111111 1111111111
niente, 1111111111. Β111111 seyen 111 111111111111111111111111111111111 111111-
1111111111 11111111 2. 01 Ζ1111 bey 11111111 111111 811111 11 11 11111111. 1111111-
tntu seye 111 111111 111111 1111111111 1111111111111 3. 01 1111111111111111111 nider
1111111111111111111111111111111111111 t. 01 111 11111 1111 heitt 1111 1111111
1111111111 81111111111111111, 1111111111111111111111111111 5. 01 11111111, 1111111
1111111111111111111, 11011111111111111111, 1111 111111 mehr 111111 1111111111
nere? 6. 01 nieht Kepplerin‚ 111111 111 11111111 11111111111111111111, 1111 111111
neten 111 11111111111111111111111111111111111 11111111 11111111 11111 111 eptthren
theutica, 1111 111111 1111111111 111111 111111 1111111 8111111111 Kepplern 11111.
111111111ῑί111 (1111111111 ihr 111111111111111111111111 t. 011 1111111111 111111 1111111
tenen 1111111111111111111111111111111 10111111111111111 1111111111111 111 111
111111111111 8111111111 Keppler, 111111111111 111111 111111111111 11111111 zu·
11111111, sich 111111 [1111111111 111111 1111111, 1110111111 1111111111111111
1111111 111111 1111111111 9. 01 11111111111111 Keppler 111 111111 1111111111
0111111 1111111111 1111111111111, 11111111 sein 11111111111111 1111111111 1111 111 1111111
tannen 111111111111111111111, 1111111111, 111111111111111111 ein 1111111111. 10. 01
1111111111111 11111111 still geeehwiegen, 11111 11 1111111111 11111111111111, 111 eret
1111111111, 111111111111 1111111111 111111 1111111111 1111111111111, 111 1111111111
1111111111111111 11. 01 11111 11 111111111111 111 1111111111 1111 1111111111 1111-
111111 1111111, 111 111111111111111111 111111111111111111111 12. 1111111111 1111111
1111111111, en 111111111111111111111111111111111111 en ein 11111111111111 111111
11111111 1111111111111 tasson, 11 bey 111 01111111 Acten 11111, vom 011111111111-
11111, r'nd hiebei 1111 1111111111 incorporirt werden. 121. 01111 dissent ellem 1111111111
1111 that bey der Kepplerin abznnernmen? 11. 01 11111 111 11111111111111111111
11111111111111 11111 1111111111111111111111 in 111111111111111111111111111111111111

Β1111 tt. probatoriel: t. 1111 11111111111111111111 111 speeie zue 1111111111.
10111111111111111111111111111111 3. 01 ’1.111 111111 1111111, 111 111111111111
11111111 1111111, 1111 11111111

Β11111ὔ.11ο111111111; t. Wer 111111 1111111 seyen? 2. Wie nahe sie der
1111111111 1111111111 :t 1111, 1111111111111 in speeie znebennmbsen.

Beim 117.111ο111111111; 1. 1111111111 1111111111 1111111111. 2.111 1111111111 1111111
11111111 11111111. :t An 1111Ζ1111111111 111 11111111 1111111111 1. 01 2111111

 

