11661661. .

11661661
666 866666 666166 7111. 721 66.
6616611 exempla 11. 817. III. 464 66.
66166166 6166661666 III. 108, 466. V. 104.
666666 6666666 7111. 46.
666116 7111. 710.
666666 66 86666 06666 7111. 713.
,, 16 6616. Nov. 111. 143 [7111. 821.
,, 1661161661666 66 legatum rogis AngIIae
chronol. 616616 11. 800. 17.666616.711.76166.
, 6166611166 61666 VI. 14 6.
cognati 6166616666666 7. 482. VIII. 088.
66 6666166666 motu 661616 talu l. 110, 106.
VII. 6 61 pm.
66616661661623. 71118866. [11666617172666.
866616666116666 observationum 616.
6661666666166 666 666666 61 8666666161. 343,

360. 111. 6, 11, 36, 444, 468 6., 706.
666666666161. 386. VIII. 820, 830, 876.
666666666616162, 106, 110.

6611666666 66 6666 36666166 7111. 718 66..
6616616666 666 866616 711. 276 6. [712.
0161666616 astemus 661666611666166.

6166666166) VIII. 146.
diligentum 666166 666616 11. 77. [206.
damnationibus 661616616666. 76116.) VIII.
666666 6666666661.) 1. 666, 6666, 666.

36366. 76710. 7164766. 7111. 630.
6166616661 666661. 606, 016, 627. 11. 488.

17. 20666. ·

11661661 661616166 66
61666166, 666616. 66616166 (666. 1166111 1.

66 cometis) Lino. 6161. 1610. 711. 46.
66666666 0666666666, 266666, 6661610.
I. 4766.

, 6. 16161166666111. 14, 60617. 166 66.

,, 6661666, Pugno. 61616 1607. 1. 684.

, Nobilem, Prag. Dec. 1604. II. 86166.

, ,6. 1611. VIII. 3436.

, ,, 0661. Aug. 1604. VIII. 681.
66666666 1661666 661612. 711181166.
66666166 66166. 6666114666, Prag. 1607.

1. 203. 7. 646 66.
6666, 6666. 761. 1603. 7111. 820.
6661666166, Sag: 666. 1610. 711. 681.
86661ῑί66 (666. silvae 66666.) Prtg. 8661.
1606. IV. 177.
8666666666, 616611 s. 61613. 17. 122.

, 61661161661.-.761. 1613. IV. 121-124.
’ ,, 6611666666061. 1613. IV. 124.

,, 7761611 7666. 1614. IV. 124.

, 616611 6161. 61 Dec. 161417. 126.

, ,‚ 766-666 1616. 17. 1264.

· , ,, 666. 1616. IV. 127. ·

,, , Febr. 1617. 1. 660. VI. 10.

,, , 6.(1. 6. 061. 1617. 71. 206.

, ,666Ι 1620. 71. 217111. 674.

,, 1666666118661. 1620. VIII. 874.

,, 66666666666666.1621,71.21. 7111678.

,, 1666666146. 1621. VIII. 670.

,, 61666. 1611. V. 18. VI. 1267116870.

LV

6666616114 do 7736 6. 1603. 'rublum
66616161. 14, 186. 11. 407, 660.
V. 3.7111. 26, 40.
„ 176 notu 661616. 76616666 6666661616
1. 106. 1666616 11666 1. 86116666 61
6616. Nom 1. 110.
6166616116 666 16661666 6666616666 666166-
616616 66 6646 ’666666 VIII. 41.
66616166 VIII. 088 66.
66616 66 1666616 6666666166 VIII. 860.
61116166 v. 66616166.
Elegia 16 6616666 666661. 7111. 160.
, 16(ο6666’661.666661 1³⁷.
„ 66 6661116 6616666161 VIII. 160.
,, 16661166 Η61611 v111. 186.
661616166 qua 6611666 66616666 V. 470.
VIII. 046, 077. ,
6616166666 6611661166. Η66666. ’
eplgrmm 66 116666 (Io 616116 6666 11. 612,
, 16 066666161666666 VIII. 41. [710.
, 66 1666666666 Vll. 318.
, 66166166666666666 II. 202.
, ,, 666116 II. 126. ,
,, ,, 6166611166 VIII. 46.
, ,, 6166116 ’16666616 111. 146.
, 16 Mercurium in 8616 61666 II. 807.
, 66 Ρ66666666 1. 06, 106 s.
„ 16 776616661 111166 6661666 11. 807.

1161616166 66 1166166666

66666166 666, 0666666 Ι1607. Ι. 203.

Btohmnyxelr·⁹ 6776716666 6661628. 71. 636.

8666666616, 6166161. 61661. 1610. VII 460.

,, , 061. 1610. 711. 4606.
Β661666166,663661. 1606. Vll. 478.

6666666666, Argunt. Dee. 1616 (66661 )VI. 10.

 

