81181111 - 8111111118.

8411111111 411111 11111111 inventionum 1111111
3111111111, Julinm Meditor, 11111
, 11 11811 optioie 11. 114, 488487, 48411.
,, tuborum optinorum multiplicationem
11111111 11111 11. 484, 8881.
, 11 tuborum optinorum 111 711. 488.
,, 7111111181111 1111111111. 484 71. 888.
, nomine 811111111181111 1111111111 edit
-71, 88. 711. 148.
81111111 1111111111 11. 487.
, cincinno 1111. Ii. 411.
, inventiones in ooelo enm iiedem 8111111
1111111111111. 471.
, dialogor, 1. mundi eyet. .
,, Ephemeridee 1111111111 11- 11. 488.
,, 111111111 11 1411111111. Kepleri epiet.
‚ „ ed 7711111111 11. 778, 888. 71. 87.
,, , , 1111111111111111111111111 01-
oie 111111111111.484,488,484,
488. 7111. 788.
,, , , 8111111 8818111111 11. 871.
, ,, , Pisonum 11. 488.
‚ 8111 11 dubium 111111 11. 48111.
, , 111111111. 48811.
, 1111111111 111Β11811111111111 compe·
111111. 484.
, 1111111 111111111111811181) Π. 48811.
, , menuerripte 11. 488. [8701
, munit 11111111 111 81111111 111. 11.
, 1811111111111 eetronomioee 11. 448 11.
488, 488. 111. 808. 71. 88. 711. 888,
878, 888.

,, 1111111. 1111111. 11. 487, 788. .

, 111111111711. 878.

, Nuntio· 81111111 11, 48011, 48811.

,, 11 8111111111 (1111111111) 711. 18811.

87011. 7111. 88.

811111111, 7111111111, 11 1111111 11. 401.
7. 7, 187,188, 188, 184, 888.

8111111111. 718. ·

8111111111 111111111111181 quondo 1111811-
tum 17. 480.

81111111. 011111.

81111111 111111111111 1. 884, 884. Π. 741.

. , 11111111 18807111. 11.

81111111 111117111. 884.

8111111118 11111 711. 841.

81111111, 1111111, 'in anglie 1. 888.

811111111 11111111 81111 1. 1880. observe-
tionem mittit Keplero 711. 888.

,, Hortensium monet, ne nimie 1111111

1118111111 1111111181 711. 848.

, 11 11111111 8181111111 1181811111
,, ,, , 181117111. 888. [711.-888
,, Linerei 1811111111111 111111. 480.

, 1111111111 11 8111 18111111 711. 888.

- , 11111111 eorem tribuit 711. 847.

,, toturn 'e Lune oooultetionem 1111111811
11111111 711. 888.

,, 11 81111 11111111 711. ’847. liudem
11111 711. 887.

mxxvii

81111111 1111811811 1. 180. 111. 481, eto.
, 11111111111111111111 et 8188111111
Ι711. 8881.
81111111, 11111111, 11 1111111 11811 11 1111-
nfltfl un 81²0 ’
,, 11 811111111 1111811111 1. 81, 188.
8111111111 17. 188.
81111111, Lucre, uuoiogue 7111. 884.
, 11 Venetorum imperio 11. 810.

111, oreon, 111111 1111 11. 11, 111. “

8111111, 11 circulorum poeitionum compute·
tione 71 880.

81811, Arete, num vooie 41118111 orire
11. 188, 408.

, 11 111 neno 11. 878.

81881111, Η111. 81111. 17. 488.

oeomteiour cirino, 1. 11111181 111 -
17. 80411.

81111111, 1. 81181.

81111111 111111 111111111118111 17. 888.

8111111 1. 8111111111.

8111111111 ortu 1111111 71. 888.

,, 11 1111118111 8111111111 17. 188188.

, ,, 1111111111 11 11 11111111111711. 808.
(tommo, 0111181111. 418, 11 1111111811

11. 880, 801, 818, 848, 484,
488111, 880.

,, , 11 11111111 711. 888, 848.

,, , ,, Ρ11111181111111.880.

, ,, ,, 81111 1111111111 1111111111.

88, 888, 818. 71. 818.

‚ ,‚ ,, 1111111 11 mundo 111111
‚— ,, , 1118111111818. 11. 888.
7111. 887.

u ,, ,, 111111111. 880.

81111111, (1111. Ooemooritioe 11. 880, 880,
111111111111111111411. 111 111.
1 111. 111111 1111111118111111. 418.
, 11 1111111811 11. 188, 818, 844, 408,
488. 111. 787. 7111. 8.

,, ,, 1111111111818.

,, 1181181111 negotii. 880, 878.

,, 11 81111 1811111811111111111111847.
81111111,ν {gxiiiquenelttrffimim 11. 418.

,, 11111118111111. 488.

’,, 8111111 11111111111111.880.

,, 111111 11111111111111. 844, 408.
81111111 11111111 11. 148.·7. 887. 71. 488.
81118111111, 8111111111 711. 788, 7881.
81111181 111111811111111111111111111111

,, 11111111171. 178.

,, ’111111 11. 100.
11.8“ἑ111.ῗ.11’17”“ “mima
8111111118, 11111 11. 884.

 

