-mmu-Immmms

0111131 11111111 vm. 113.

0111111111 1. 431 1011. 711. 133.
,, 1373 10113331714371173, 131.
,, 311131311Μ.11.733.711.1247111303

,, 311131131113 11. 236, 733. 711124.
7111. 304.
, 1. 1311031. 17. 433. VII. 77.
, 130110371133, 120.
, 3313111111. 33. 711. 33, 120, 317.
,, 3413111133 a. 334. 711. 124. 7111. 304.
, 1. 337. 11. 734.
,, , 333. 11313.
,, 1311111 XLII. 233413.
,, 11. 123311413.
, ,,131Ὴ131
,, ,1431 11. 323. 711. 131. .
,, 3111011011ιηί ι. 1472. Π. 333, 333.
711. 1413, 104, 131, 237, 230,
13111
, 111113111111111112113111311117113411,
237, 243, 2311.
= „ 1., 1473. nullus 11. 333, 323. 71114,
anuh.
„flmmmmm
, ,1431711233
,‚ ,1331 711. 124.
,,1ω131η131
, ,3313131
, ·„ 1333. 1. 31711.,333. 711. 371., 34,
1ημ1μ1ΛωνωΛω
,, , 1333. 711. 124. 7111. 303.
,, ,, 1333. 711. 34, 123, 134, 131.
„„1mztmaustwaaeaa
333. 11. 124, 231333, 333. 71.
33. 711. 2333., 30, 111113, 131,
320, 223, 328, 273. VIII. 3411.
,,3ω1ωψωωῌω1ω,
11. 124, 704. 711. 2331. vlu. 343.
,, ,, 1382. 711. 1243.
,, , 1333. 11. 704. 711. 124, 133, 220,
223, 233, 233 1., 237, 237.
,, , 13331. 433. 711 124, 221233, 337.
, ,, 1333. 711. 124.
,, ,, 1333. 1. 314, 321. 11. 237, 333.
Ἦ1ωηηι
„„mfflmwm
, ,, 1307. 1. 433, 3203. Π. 30, 323, 303,
303. 7. 33. 711. 311, 23-41,
321, 122 3, 133.
0111111111υηί 1313. 1. 113, 433, 433. 711.
311, 73, 233, 232. 233, 472.
,, cometae tertii 311111 7Π. 32, 273.
,, , , caudalonga 111111 ⁷0·
711. 341.
0111111111οηί 1323. 711. 337.
,, 37113111111111, ³21.-
111113311111131331111111ιο1111131311
1113711113 1307. 1303. 711. 23-41.
Sero impressum I. 320. 11. 323, 373.

. In 31111113, 1133111 tres 1313.
· 313-31

KRH

1113111111 33113113 711. 3-22. Dedin.
7Π. 4311, 10711.. 117.
(1111331111111111111 II. 323, 373. 711.
111.,320.
Comatae, 1111111 1323, 341, 343. 11233,
323, 333, 704. 7133, 134, 147.
711. 2311.. 1031.
,, bisaccio 1. 320, 333. ΙΙ. 301. 17143.
711. 73131, 133. “
,, num 11111111111111. 333.
, 1111111111337, 704. VII. 111.

· ,, (1113111111ο131131111711.133273.

,, 11111111 10111 111011111311111. 333.

,, 01111111311131111111111111 VII. 103.
, 1141311111111337.

,, declinationis 111113 11, 23313.

,, 1111113111 1111111311. 333, 323.

, effigies 1111311111 11. 237, 413. 71. 33.
,, quomodo evanescant 11. 333, 333, 711.
, 111131111111 71131111.

, 1313331111 331111, 343. 711 33110.
,, 1111111111 snpra 11111111 11. 321721.
71123103. .

,, quidam Lunae 313111111111111111111.333.

,, 1111111131)οοὶ1111.237.

,, 1111111131 II. 233, 323. 711231131.
, num 111111111111, 11237. 71137, 112.
,, 2111111 1311113311 11. 332. ·

, num 1131111111 333.

,, num 131111 1111111111 111131111111473. ’

, 311111 113111 dealbantur 711. 23.
,, num 1117311111 incurrant 71121112. ·
, unde 1111111111 II. 332. 730.
031111111111 cauda 1. 323, 331, 323. 11. 3331,
332323, 33170171. 143.
Ἦωωωηωωω
233, 233, 274. 7111. 303.
, , 111111111111 71123, 110,
274, 273.

’, 1111111111. 11. 113.
,, 1111111111, meteri· I. 330. II. 232, 233,

323. 711. 27, 112.

,, 31111111113311111377.711.231.,13011.

²„ figurae 1111131. 320. II. 704.

,, gener· 11. 734.

, lumen 11. 233, 703.

,, motu! I. 113, 133, 314, 313, 333.
11, 333, 373, 333, 333. 111.
23. 71. 312. 711. 11, 33,
10313, 110, 1331.. 231. ,

,, ,, 111111111111111111111111111111111·
1111 711. 1741.

, , 1111111711, 274.

,, ,, 1113111111,111111111111111111111111111
solidam 11. 377. 71. 143, 312.
711. 103.

, , 1313111111111131111111 711233

, 3111111.

, , 1111111111 711. 233.

, nonin 1111111. 331734..

 

