1164616 - 1144444164.

644414 1644616417. 68.

11644146 64646416 7111 101.
1164414664 66 66666666. 164614 11. 616.
716414 6664 136146664 7111. 60, 41.
664146 4666616 ssgnsflsss 7111 607.
3666166064 4141166664.

xm

11466644 sss Judssomm 11716. 1118044,

116, 11666. IV. 161, 60644, 61444,
646, 416 44., 464 46.

11646646 Antipater, Tstrsrchs 17. 161, 606,

416, 466. [417, 464.

, 1664146417. 166, 140, 161, 616, 6664,

114116661 professoris ’166634666146666 7111. 1166466166 66 Aegyptiorum 61416614 v1’1. 766.
11616, 7ο. 7111 666. [167. ,,

1161613, 166641741146416611 66111. 686.

. 1161664, 114116, 064611 7. 666466461146164
Η611614 6466662461446166416647111 71.
1161166 46. 6611466 641641. 1 666.
6661466460 666164114 41 septentrionum 61-

116661646, 614164 66, 4416616464 1 007, 686.
116661646466 71. 864. 7111. 806.
11664144166164 64616 6614464 11. 411.
Η6614661646661. August. 11 767.

, 64 466414 6. 1607. 711. 10.

, sommus-sur 1664166 11 411, 767.

, 66 641661166664 1146666 11 416.

, , 416116 6644 16 Onus [66 7761464661
nonnosus, 6666. 66414 176611. 11 66.
assuens 64 1144414, 1646164. 66 6646614
66611464 17. 0611146 ml. 664.
6461646646, v Logsrsshml.

1166461164 66 461614 16 1616666 7111. 101.

, ,6611416444 1 181.

,, , 'l'srsss 646141666 71. 116.
nubendum 44646 7111. 607.

, 4661116 conjux 7111. 884.
nasamonas, 666466166464614166 squitum

, 111 446. 7111. 761.

,,616146 11666, esp 1166666 61661641. 67,
116664616611 1166616671666.[101,666.
116464614616 4661146444 6661441 11461664 Pso-
, dromn 1. 67.

Η646664166164 614464611466111161441 146166

1164, 606.
, 11661466 6664 641 pro 6611411411664146
164, 604. 7111. 704, 7111, 711.

„Ksplsri sstrologlss 6661114416641606.
11464616601664614664164111611 17.164. Vl.
114646116414417. 14 [1044.
‚ , 66641611411611.661.

,, 16664666647111.116.

Η61114164 7466446. 4416616466 1. 844. 11611,
816 4., 17. 178.

,, 644661. 644661. 64611806.

, , 4664114 11. 611, 606. 711. 76, 81.

, , 6661664 466111. 600.

, 116616466146641 11614.

, 66 614116 nova 11. 804, 617, 611.
1166666 trismegistus 1. 877. 11, 616. V. 461.

, , 64 6666614 7. 161, 661.
1166661141 ff q„ ³3:31&aeka 24151711111.

msam-ss

,6661 longitudino 17166.
,61416616 11161, 144666661766.
711. 780, 606.

, 6664466611 114.
64666611 6641661146 17. 66, 108, 14144.
11646176666411441. 44111. 861. 17. 114.

46441144 66466 66166 6666671116. Η6666616166437664641 props 7146666, 16166-
4466666 refugium 7111. 667, 866,
, 166846664ζί66 monstrum V. 68.

1146666464 16446616 46646614 711147.
6666466164, 04464164, colonus obssnss

4666166 1616. 711. 61.

64464664. 64446146 4464606164, 1666114666

4641641 68, 70. V. 616.

,, 66 4661 1646664111414 11. 786.

, , 4416614616 11666710.

, , 64466166 princip· 11. 614, 64, 686.

, , 61611616646 1166444641 11. 81.

,6666466116664166411.417.111.661.

’ 1....1.,.11·1111.111..
161, 667, 416, 476, 617.

, 66 04666144 1164. 111 446.

, 46646166 466166 6646641. 17. 110.

, 64 6411641664 1. 411, 416. 1181, 84,

sss 644), sss (144).

, , 01164614 111446.
,11461641 4641661646 16146 664164 prss-

444111 76. [476, 61444.
,64 11661661 chronologis 11. 666. IV.

,11661641441164166 46666141466111161.
11116, 661. 17. 616.

,6611661661 editions 66446611466616
7111 7414, 747.

, 11661661 146144 1 66, 61, 78, 8664,
111.61,444.17. 116.
,6611661661 1166666147. 10.

,Koplsxi Judisium 64111 66 1164641 16666

1666614 111. 464,
667. 7111. 616.

n n 6 s 64 ([646611661664

chronolog. IV.
476, 617.

, 64 1166446146 41
01166661114444.

, 64 6611641664 11.
844, 417, 666,
616.

, 6416466116461.
60. 7. 714..

2 do “Mul ΙΙΙ.

. 4646441641.

 

