0081111811 a Plinius.

. 0188818888
818181, 8 11881818188111811 111. 11 71. pm.

711. 40011.

,, 18 isium 111. 48. 71. 880.

, num 81888 18888181117. 484.

, 1118111 7. 078, 088. 71. 440.

, modii ox 8881 Region. 81 778118.

,, molarum 1118111 comp. 71 880.

,, 8811188181 comp. 111. 314, 887.
71. 8881.

,, 1888818111 Ponam IL 800.

,, proprii 71. 808.

,, 1808118181 11. 887. 71. 44111.

,, 11118181181 118188818181 comparati 111.
8881. (ninii. 188). 71841, 878, 4048.

· ,,888118181818118881888818811180800. ,,,

11. 878111. 7. pm. 71 848.
,, 01811881 71. 860.
,, veri, 1111111181 11. 808. 71. 880, 480.
,, oum 188818888188818818117. 0001.
,, 18 1881881 pingam 88111 8818 1. 188.
8811 8111181181 111. 418, 407. 71. 71, 818,
8841, 408, 440.
nodorum 81 limitum 188181 71407, 800.
nomon, 8818 71 880.
8181181111 1. 11, 104, 870. 7. 804, 800.
71. 81811.
8181188 qualos (1. iii-pi. lox).
, corporibus regul. 1111811188 1 pm.
V. 0781.
, 88111 bombycis aedicula comp. 7. 800,
884. 71. 401.
‚‚ 888881118881. 114.
,, oum 11181181 sphoera oomp. 1. 478, 800.
, invariabiles 111 430. [11 8708.
,, 11888118 111. 084.
8881111818 diametri 71440.
, 8888818181188 881188 8181111111800.
,, proportio 1. 08, 17811. 7. pm
. 71. 8181, 838, 818. 7111. 48.
,, 18118118 81 eclipticum 111. 01411.
81181 801. 7. 804. 71. 81811, 800.
, 18 Ephomeridibuo Kopiori 711. 4041.
moinum 811181181118818 81118 1. 10818.
,, 1118 8881111818 v. Kopi 111 181118.
,, 8188811. 807, 800, 808. 11. 801.
111. 48, 87, 80, 108, 140, 800, 304,
807, 81818, 887, 711. 71. 30, 88788.
8111181188 181888111110, 148. 7. pur.
71. 887, 880.
1111808888 harmonicae 7. 010 118818.
mollitos li. 401, 808.
181811111118 11. 101, 004, 878.
1888181 11818818111118 1888811881 81 Terram
1. 871. [7. 800.
η11881888111180818881ι18 1. q. 1818188188181
1181181181 818. 11. 331111. 103. 71 4408.
p quomodo oognoooonior 111. 400.

,, 811188 18 voro 111. 10171. 888, 440.

iamin

0118818108
1188118 8 11881818 1811118811 7111. 048 11.
8111111111. 800.
viror metricos 8888118111 1. 047. 111. 81888.
1818118881 8118811818 quid 81181881 718801.
01888181188118 systematum 118181 8818181811
71. 318, 884.
Pleno gnomonioorzmmssituglgLilag·
01811118 118818 oppetunt 1880.
0188181881 8818181 818. 1. 841. 11. 888.
11111881
humani 11. 000, 418, 841.
,, Keploro dux 18 1111181811 88811 11. 008.
,, 18 8881811118 1118 11. 007.
,, 1811181111. 00081.
,, ,, ,, ionio cristallino 11. 030, 0801.
01118 ⁴
18 Aegyptiorum 11118118 711. 788.
, 88118118 188811811881 7. 000, 881.
088181181111811888818188 1. 104. .
18 harmoniis opud 1818188111 1 878. ’
7. 0088.
,1881888181188 V. 018.
, 1181811111 81 7188111 18811 18818181 081. «
, 1888181. 881,
, ,, 81 exemplar 8 regul. corporum 81·
orosio L 101, 108. 11. 801.
, 1181881117. 181.
, 8818818 1118111811 1. 104.
parom primum 1811111118, imparem 1118 oom-
881811 878, 878.
18 planetarum 8111118 81 18818 1. 071, 070.
,, puero 88181118818 V. 018
,, sidorum 8811118 7111. 101, 101.
,, eolis 81111881 1181 1118111 humum
1. 818, 880.
, 18888118 7111. 87.
,, tonorum 1888111111 1. 000, 870. V. 0811.
01818811
4118111188 11. 801.
1181811 7. 018.
811818118 harmonio 1. 378. 7. 07.
181 philosophandi 711. 078.
18 legibus libor 1. 880.
principio 881818 1. 878.
1888811118 18188818808111111818 1181 m·
logo 7. 138.
'rimatur 1100, 000, 878. 7. 08, 000818.
0111881111 18 mundi 881188 118118 7. 081.
, 18 88118188088 1 801.
811111811831118.
01881181ιὶ181 8881181881 nunquam 1111118
8
111117ζί8 1111181111ιῖ· ⁴²*
0188118111818 71. 488, 801. 7111. 08, 88 88.
011881818181 8188188818 11811188 17. 8.
Plinius 18 881188118811111181 11. 800,

 

