. 166161 epistolae. -6661661116611116

x 11611611611116166 611
1166116610163168611. 1603. (1166611 111. 6.

0616161616, 116366 6. 17. 1607. 17. 376 66.

, 266366 Sept. 1607. IV. 382.4

, , 1161. 1607. 17.383’6.,10366.

, , 766. 1608. IV. 386 66, 101.

, , 1766. 160817. 302 66.. 107.

, ,6.11.17.40166.,100.’

, ,061 1610. 17. 11366.

,, 1166117611. 1611. 17. 172. 2706·
0661666111 66116661, 6. l. 163. 1608. 111. 06. 61
· 1716661621. 7111880.
0613661616, 6. 1., c. 6. 1606. 71117736.
0666166666 06666116, 6. 6. [1628 7] 1711666

VI. 6116. [680.
0666016666 6611666, 0661. 163, 1601. 7111.
Consilium 6661611661, 1116116666, 0661. 766.
1607. 7111. 600.

061161618161136111166. 163. 16127111860.
0611366616,1.16611 111111. 1616. II. 100 6..

, 11666 116. 161611. 11 (v, 611.)

, ,1161116107126

, , 761. 1623. 7128. (11. 8281

711. 146.. 2616.
, , 18, 6128. Febr. 1621. 71. 20, 326.
17. 173. 1. 660 ss. 711. 16 6.

, , Sept. 1624. VI. 8766. (1. 661111. ’

618, 461, 600.1 VII. 18.)
,17166666 1166. 1621. VI. 10.-

311661111116161161.71116166.
06661616. Omnes 1611666111.

Curtium. 06666166616111.

Duypodium (deest) 111. 24.

0661611661, 216366 Sept. 1607. IV. 111.
, 1611366061. 1607. 17. 110 66.
,, , 1161. 1608. 117. 160 66.

0161161661, 0163. 766. 1608. 11. 831.

LVII

1111610166 611 Renum
Β661166,1’161.163.1600.11.668.7111.766.
,2616111163 160311. 668. VIII. 766.
,76661116 Nou. 1603. 11. 668 111. 67
7111. 766.
1161166116 6 11666616 (6. 1. 61 d.) 1606.
1161116166, 1661166116 Iul. 1608. 111. 618.
Calvisius, 6. 1. [1111611161. 1607. 17. 37166.
, 163, 160717. 382.
, Sept. 1607. IV. 383.

· ,‚ 6. d. 1607. 17. 386 66, 1016.

, Febr. 1608. 17. 30166, 101, 107.

., 766. 1600. 17. 101 ss„ 409.

,, Dec. 1610. 17. 116. e

, 061. 1613. IV. 170, 270, 617.
06611166, 761. 1606. 111. 706 6.
011161666666, 11616616. Apr. 1601. II. 133.

0611616166. 816113. Sept. 1612. 7111. 868 6. '
06136166 06611611 a. 1600. (116661). VIII. 700.
, 11661. 1610. 71, 23.
, Sept. 1616. 71. 21. VIII. 831.
,11)6. 1616. 71. 21. 7. 627.
,, 163. 1616. 71. 26.
,, 1116. 1623. VI. 28. 711. 11 (2601.
,, Sept. 1623. 71. 20 (161. VII. 16 (2601.
, 761. 1621. 71. 16, 36 66. 711. 18 (0601.
,11161 1626. (desunt) VI. 10. 711. 19.

0166166, 1161111166, 761). 766. 1606. 7111. 608.
,, ,1111661 1111666.
„Florum 163161. 061. 1616. 7111837.
,7661617 71. 72.
’11.11... 1611. 1. 6666111166.)
, 1161. 1617. 71. 20, 21.
, 1166166661366. 766. 61 Febr. 1610. VI. 72.
·, , Oct. 1610. 7. 63 66. (71. 73.)
, 06666661161. 1601. 71. 73.
curtius, 771666661613661627. 71. 683.
, , 0111111166 1627. 71637. 7111. 007 6.
0166166, 1636161. Febr. 1621. 711. 462.
0661666166163661. 0661600. 7111. 116700.

0116166166, 1163661. Sept. 1607.17.410.

, 0161116611 Oct. 1607171116.
” GrIuIffiftIIII' Ι161)7’6«Ι11’1458”’
Ζ 716666686111. 1611. IV. 606.4 ·
016616161616, L. 8.,86111. 61061. 1600.
7111. 766. >
„ Iul. 61061. 160111. 116. 7. 630.
,, Febr. 1606. 7. 630.
1166661166, 6. 1. 616. 711. 8.
1116116166, 0611. 1111. 1607111. 8.
8666161116, 71666. 86111 1616. VIII. 811.

 

