XXVIII

Delembrc‚ 1111. 051111555515151. 188,177.

111. 484, 498, 501. 71. 48.
Deliacum 5151115511 5. Cubi 055115.
Delphini 1155155155 05 fluxu et 1511. merle
Del Rio 1. 551. 11. 584. 7. 557.

, ,, 05 (1515155111 VIII. 84.

Demetrii Phalerei 1151555 17. 85, 157.

,, ,, 5115 51 15555 17. 149.
9551115, 11555155, 5551. jur. Tnh. 7111. 874.
9515551155 05155505 11. 490. 711. 738.

, 851515 01511 lapidem 5550551551 71. 311.

,, 05 5151555 11. 958, 402 (1491.
9511155151, Τ1155155 711. 181.

95551111 corporum 11. 134.

,, 51555151515 71. 3305.
Desceneioneo¹ quid 71. 9315.
9555115115 figurae V. 85.

95515511, 551, 5505 0551555051 711. 789.
9555 15 creatione geometrlern 5555155 511
1. 381, 840. V. 17715.

, 5555551155 motuum 71. 1771.
951 qualitates VI. 140.
1)th signe hfllmlilgs 0515 11. 73515.

15515515] . ,

9155551155 Vl. 418.
91555515171. 141.

, Diagorae, 95551 negans 11. 712.

9151555555 15 murice 7. 105.

. 915151551155151105051550511511.15-51.

9151115155 virtuose 111. 813.
915515151 5155511 55115 od circumferentium 17.
558 5. 7. 504. 71. 134.
,, ,, comparatio cnm leteribnr
figurarum regul. V. 139, 513.
,, planetarum 55155 51 uiroc 71. 810,
483, 498, 511.
9155151551515 17. 100.
91555551 555555 11. 78.
9115515551 11. 580.
9151155515 systematis uulthem. v. Tabulae
synopticee.
9105551 58155155, 055515. 0551115551 conr·
monterio in librum 155 suscipit 1.
56, 183.
9101551555 Augusti V. 599.

11151 qnid Vl. 147.
, 5511555 15 Terrae circumueulgutione
1, 337 5. 17. 40. 71. 199.
,, 5111155115 71. 947,153.
,, 55515515151 1. oro. 71. 291 55.
,, 5111151 1. 808. 711. 499.
,, 15151551511571. 437.
,, 1555115 11. 497. 7111. 49.
,, 55515 lu S. 8511515151, quid 1. 557.
, 551515115 71. 947, 953.
nl... ..11. 11111110 Ἦ· ⁵⁷⁰·
r . .
,, 01511155115 15151 51555151 71. 259.
,, 15111551 17. 38. 71. 948. 958, 199, 435.
, 5151155151. 411. 71. 148 1.
, 5151511171. 8595, 155.

95155555 — 9155555

915115, quid 1. 200, 375, 879. 7. 38,151.
91551515155155, 1.. B. 11. 855, 418. 7. tit.

884. ’7111. 745, 749.
9151515551551111151 1115115511, 313.
9185155115 1555551555111 71. 2781.

Digiti eclipticl 11. 78, 183, 495. Vl, 501, stu,
Dihelinnr3 01551151 71. 418.

9111155555 551555511555515115 711. 84, 5151,
11115511 historie 711. 755.

91555111. 203. 71. 388.

91505151, pastor Gener.. 5511551 8511515101 et

(11555501711. 595.

, 05 11551515 5105111555 7111. etl.
91505151815515515 Aegypto Vll 754.
05 cornere 5 371 eth
711. 131.
, , , obe. 14515511 11. tt.
, , ,15515555515151111111
,, ., 511515117.1581.,18ὂ.
Diogenen 15111151 05555515551111 71 105.
,, Anaxagorae tribuit 15555 eun 7551
comparutionem 1. 180, 7111. 118
, contractabiliter.
, 05 1155 51 1151555 5145555511 hill.
„ , Philoleo 1950.
,, , 8515111811.
,, , 15515151. 949.
915 0555155 05 comete 5135015. 71117.
,, ,, , Herode 51517. 18115
,, , , 75555111555501571518.
9155151555 511515 11. 734, 71. 513, 513.
,, 555151115517. 3751.
91555115545555 05 5555 Grac. 17. 188181.
, 81555, 05 15555111 ternpore 55155119

Christi 71. 513.

Dionysii Areopagitee 55151515 50 7515551551
Dionysius [15115515. 05 85111 0515515113Ιί
,, , ., 15515 55511 17. 91.

,, mathematicus 17. 149.
,, , observet Martem &illest

71. 91, 534, 758 se.
Dion5ell 5555 5. Aere

, 5115155 chronologici IV. 118, 175, iti
91551155 71. 188.
, Hipparchi 11. 185.

9155115555 notin, 55515151 11 uitia 111111
91551111511551511 1511. 11. ore-oct.
5151515115 50115115 11. 449 es.

, 1155155111. (roborea
050151115 Ernesto 515515511555511.41ῐ
quo 15515515 151151511. 481, 485113

5155551115551 eur continno ruer·
55515111 7. 84.

9155151555 scientie 5 11551515 1555511511 tr:
Directiouee retrologicec 1. 1194, mugil&
350, 583, tilii. 7111. 338.

,, 5555155155 pere nobilissime 7111 348
1111155501 (5515155155 l. 981388.
915555555501151551551551ι551ι1831

’ ,oen—113.

115015. 17. wtlhelne 55151155 111111.

 

