mn 10001011 00110000 ·· 1010οο100 00 mm

Keplffl 0010110100 d . Em 00 [epium
2100011110, 0100100100. 001011. ((100. 01001110.) 01110011, Pus. 100. 1001. vm 701.
0. 11011. 101111017. , 0000100000. 1001. 1.-000
senatum 10100ομ00010, 11111100 1027. VI. 000.

’ 00011111100110011.[1017](0.1.)7111’077. ἵ D. Fabricius, 110100 1110. 1001. 1. 005.

Davidem 7001101001. 2100000111. 1002 (110000) , 1100101οι000 11011 1002. 11 001,
1110011401. ‚ 111. (12), 01, 070.
, 000000011001.111.0000.,11.1.0000. , , 101. 1002. 11. 002.
, ,1)00. 1002. 1. 012 00. (1.200, 020.) , ,11011002 11101. 11. 010, 701.
(11. 20.) v11. 0100, 702111 7200. (1. 010.)
,· , 110001002111. 02. 100010
(11701.) 110107002, 00. 111121
, , 10. Aug. 1002. Ι. 012, 022. (11011
, , 20. Aug. 1002. 11701. 1012.
, · , 001. 1002. 1012 (200). 11752.
, 0111100οο. 001. 1002. 101211702
, 100000101101. 1002. 1. 012. um
11. 702. [11171.
· , ,10.1100.1002.1012,000.11.00.
, , ,10.1)00.1002.1.020, 1100702
, ,2. 10001. 1000. 1. 020, 0201100
, ,11. 01101001. 1000 11001.
020 00, 020. 11. 00, 010 111 70 0
„ „ 201001. 1000. 111. 70.
, , 11011. 1000. 1. 000. 11. 002 0.
mmmm
, ,1101 1000. 1020, 000. 11170
7001101001. 10110101. 10001. 020 00, 020. , 11111. 1000. 1001. 111. (77). 00 00
000, 702.)
, 1110000 Febr. 1000. 1. 002. 111. 0700, , Aug. 1000. 1. 001. 00011100.
12 0. (11. 07, 702.) , 10111000. 1. 00100. 1101. 11100
, , 00010001000111. 200. (11. 27. ,0010100 1101, 1000. 11. 027. 111 00.
002, 001700.) (11, 07, 700.)
‚, ,101011100010000110070.
, 11110110οι0. 1000. 11. 00000. 111000
,0010100 0001000. 1. 0010. 11. 000.
70011100. (11. 101.)
, , Apr. 1000. 1, 001, 10011101.
102 0. (11. 002.) 111. 901070).
, , 001. 1000. 11. 000 ss. 1. 00000. , , 00101001. 1000. 11. 100. 000
11. 27 0. 111. 22 00, 00001. , ,10111000 111. 100. (111οἷ0002Ι
(71.000.)111.070. , , 1011. 1001111. 100 u. 10701.
, ,101.1001. 1. 001. 11, 100, 000. , ,111. 1001.11.100,οο1.111 msa.
111. 100 00.. 070. · , ,111111007.111.]20.(11.100.002.·(110
, ,1101Ι 10001100. 10700. 1007. , ,110111000111000001111200
111. 120 ns„ 002, 000. “ , ,0110100011 107.
, 110011 Oct. 1010. (110 ΕΡο00101101001 , ,0011000100111101000
0. 1017. 11. 100, 780 0. , , 0010100011100000011
1. 0010, 0010011.
000. Fabricium, Pugno Nov. 1000111002, 100. Fabricius, wneb. 11011. 1000. 111, 052
1101010000010, 111011, 110010. (1101111000. 10110, ’1110111000 1020. Vll. 102.
11. 000. (000). 1000.(000.’1’00.000.)
(1027.) VI. 000 0.
, (fragm.) vl. 07 00.
Furnium, Pragao 000. 1007. lV. 110 00, 1011100(10101110),1)100000001.1007 mn.

0110101ιῆ 1361... ..1. Aug. 1011. ruham, rmeot. 0000 10100111 000
. 0.

11. 00, 100.

111. 110. (1. 110. 11, 101. 111, ζ ,111. 1000111010. 1, 011.
ἣ
D

 

