LVI

IIepIerI 1111111111 111
Romanum, 1. 1. Aug. 1828. VIII. 881.
,, Linon Dee. 1828. VIII. 28, 884.

,, , 11111. 1821711. 141s.vl11.24‚968.

, ,11111111111111111111111111. .

,, ’11811111 1111. 1828. 7. 848. 71. 8171.
,, 0111117181. 1827. VI. 819.

,, ,, Ipt. 1827. 71. 8201. VIII. 878.
,, ,1111 1827. 711188. “
,, 811111111011. 1827. 71. 821.

,, [1111111111. 1827. 71. 822.

,, Pragte Mart. 1828. VI. 828. -

.,, ,, Apr. 1828. 71. 824. VIII. 910.

,‚ Sagani 11111. 1829. 71828. 7111. 24,

, 1111111 11. Apr. 1111. vm. 111.

,, Sami 28. Aps. 1828. VI. 828. 7111148.

,, (18111111 Jul. 1828. 7111. 148, 814 8.

,, &gani SopI. 1829. 7111. 818.

,, ,, Febr. 1830. 7111. 148, 817.

, ,1111 1111. v111. 111.

,, 11111011. 1830. VIII. 118, 920.
8111111111, Ρ11ς11 1111. 1807. 11. 788. (V. 84.)

, 1. 1819.((11111).7111. 888.

81111111, 11111111. 1817 (deest) V. 818.

8111111111, 1111111111. 1818. 711. 488.
,, 1111111111, 1818. V. 88. VII. 471.
,, ,, Mart. 1819. V. 601, 111. 819.
(71. 20.) VII. 21, 47211.
,, ,, Apr. 1819. V. 82. 711. 475.
,, ,111. 1820. 7. 82.

Τ. 8111111111, 611111 Dec. 1897. 1. 42.
, s. d. [1898). 1. 22011.
,, Prag. 1800. VIII. 729.
, (11111111. 1800.(11111) 1. 231.
,, Prag. 011. 1800. 7111. 781,
8111111 11111111111111. Hyperasp.)‚ 711111. 1111.
1628. 711. 183.

numerum, c. 111. 1804. (11111111 87.

., 711311 111. 1808. 11. 40-88, 888.

,, ,011 1807. 111. 81. (11. 89.)
(71110.)

., ,, 1111. 1801111. 32. 11. 88911,
829. 8311.,17, 120,(711. 11.)
VIII. 776.

., ,, Apr. 1808. (III. 32.) 1189211,
890, 8011, 787. VII. 121.

. 11111111 epistolae. - 8181111111 1111111111.

nastolae 11 1111111111

811111111111111118181. 1824. 711 111
, 1111171111. et 1¹⁸1. 1111. vu m
, 111. 1111. 11. 111.

, , 111. 1111. 11. 111.
, , 111111111111111.
, , Febr. 1111. 11, 111, 111.

, , 11. 1111. 11. 111.
, , 11111111. 11111.
, , 11111111, 11111.

. , 1111111, 11111. 1111111
, ,μ 1111111111111. 1111111

,, ,, 1111. 1829. 7111. 919.
, ,, 111.1829.71.828.7111.119,919
,, ,, ι1111. 1830. 7111. 917.
,, ,, 1111111880. 7111918.
81181111,Τι1811111 Fvb. 1808. 11. 88.

,, 11811111· 11111. 1808. VIII. 770.

,, ,, Sept. 11811. 1818. V. 84.

, ,111118117111381

,, ,, Jun. etAug. 1819. 7. M. 7111881

,, ,111. 1822. VIII. 900.

,, ,111.1828. VIII. 881.

., ,1111111111 11.

,, ,, Sept. 1828. VIII. 899.
8111111, 7111111. Sept. 1808.

,, 111111118111. 1818. V. 8111.

, , Ipr. 1111. 11. 1111. v, 111
8111111111,711111. Dee. 1818. 111111.

,, 711111. 11111111 1. 1818. VII. 171.

„ ,111. 1818. 7. 88.

,, ,1191818788

,, ,, 111., Febr. et 11111. 1819. 7. 8911,

VII. 472, 478.

,, ,111. 1820. V. 82.

81111111, WandesburgI Apr. 18981 131..
219 ss. VIII. 898.

,, 8111111111 Dec. 1899. I. 21311, m

,, ,111. 1800. VIII. 718.

, 8111111111. 1800 1. 2311. 7111 798

8111311111, 111111111111111. 1801 11. 9711.
1111, 4811, 885.
,, Sept. 1807. 11. 881, 8811.. 88814.
781829. IV. 120.
., oet. 1807. 11. 80. VII. 101. 111311.
, 11111. 1808. 111. 32. 11. 8011, 1911.
787, 830. VII. 111.
, Jun. 1111, (111. 11.) 11. 111. 111111
788. VII. 13.
BrIssqus, 01ο1111 11111. 1828, 11. Io&
IV. 8891. VII. 811.

 

