428 1111111111 matris Keplori.

11111111 gemmans, 11111 sie Ine zeugen 111 1111111111 1111111111 zue 11111 gentem. 1111
nie hetto 1111111111) nicht magt, das sie das 1111111111 111111111111,11111111111 1111111111 du
1111111111 1111111111, so ihr Brueder 11111111 1111111111, 3111111111 zue Tilurium, 11111111
1111111111, 1111111111 haben 11111111. Es 111111 1111111111 11111111111111111 1111111 311111
111111111111 der verhafftin 1111111 Augen 11111111, das sit· verstendiglich genueg 111111,
11 auch 111111 1111111111111111ῗ sie hab 1111 1111111111 11111 111111 1111111111 1111111111, :bor
darhoy 1111111111 gar keines briesflins gedacht‚ zue trinckhen geben. sondern 1111111
ihr ferrer augeznigt, 1111 sie 1111111 11111111 1111111111, alss 11111111 Guldenmnns winih
1111 1111111111 gemetzget 11111 bey tag 1111111 allerdings ferttig werden 1111111111, anso 111111
1111111111 in 11111111111111111111111111, (1111111111 1111111111 111111111111. gangen, 11111 111111
im hinauff gehen 1111 1111111111111111 mit oignor handt eingesehlagon. 11111 111111111111111.
(111111111111111111111111111 11111111111111 masat, dass 1111111 11111111 111110 1111111111ιί1
Kepplerin zue 111111111111111111111111 1111111 11111111111111 11111 111111 61111111111111111 winih
1111111111111111. sintemahln 11 1111111111] 11111 ,1111111 11111111 11111111. zue 1111211111
1111111111 1111111Τί1111 111111111111111111111111 1111111111 1111111111 111111111111111 1111111111.
(1111111111 1111111111 11111111 1111 ,1111111111 1111111111, doch 11111111 11 des Liechts genhr
worden, 111111 111111111-1111111111111111111. disses 11111111111111111111. 1111 so 11111111111111111111
1111111111 1111111111, 1111111111111111111 1111111111 11111111 11111111 11111111,1·1111 11111 111
(1111111111111111111111111111111111, 11 111111111111111 (11111111 1111· Ι11111111 1111111111111111111
haben. 11111111111111111 11111111 1·111111.1111111 1111111 111111 11111111111111111111 11111111, ds
11 1111111111· 111111111111111111111 1111111 1111111111. 11111111 111,11111111111111111111111111111111ηᾶ
111111111111111111111, nuch 1111111111 1111111111 111111111111111111 in 111111 11111111111111111
zennon 1111111111 1111111111 1111 11111111 willon) 1111111111111. 1111111111111111111111111111111
1111111111 111111) 111111 1111Κ111111111111111111111111111111111 111111111111 1111111111 1111·
11111111, 1111111111 111. 1111111111111111111Ζ1111111 1111111111 1111111111 1111111111. sie 111
1111111 111111111111111 11111111111111111 geschickht.

vff 111111111’1111111111111111111111 1111111111. 11111 Ι«11 111111111111111111·111111.-11111111
1111111111] 1111111111111111111111111111111111 1111 (11111111111111111111 11111111τ als die 11111111111111
1111111111111 11111111. 1111111111111, sio 111111111111111111111 111111111111111, 111111111111
11111111111111111111111111111111111 1111111111111111111. 11111 1111 ,11111111 1111111111 in 1111 ,1111111
1111111111, ahor 1111111 11111111 baseos im Sinn [11111111 111111 11111 ,11111111 1111111111 ,1111111111
11111111, Su 11111111 1111111 1111111111111 111111111111111111 11111 ’1,111111111111 1111111111
11111111, 11111111 1111111 111111111111111111. 1111111111 1111111111 11111111111111111 1111 1111111111111
11111111 1111111111111111111111111 11111111111111. sio 111111 11111111, 111111 ,11111111111111111111111111111Ι
111111, 11111111 11111111111111 111111111111111.

11111111111111111111111111 1111111 111111111111111111111111 1111111111, 11111 1111111·
1111111111 1111111 1111111· 1111111, 11111 1111111111111 111 1111 1111111111ηεί11111111 11111111 1111111111
1111111111. 11111 mit 11111111 1111111111 1111111111111111 1111111111121111111 111111 1111111111. 111
11 111111 111111121111111. wie 111111111111 11111111 1111111 11111111111111. Ι11111111111111 honen
211111 11111111 Ι1111111 1111111111111. so 11111 1111111111111 1111111111 11111111, 111111111111111111111
1111111, dns 11 «1111111111 11111 11111111111111111111111. 111111 111111 1111111 1111111111 11111111
111111111111111 111111, 111111111 111111111111121111111 1111111 1111111111. 11111 11111111111111
1111111111111111 1111111 111111111111111 1111111111111. 111111111τί1 111111111111 111111111111,111
1111111111 ,111 1111 111111111111111111 1111111 111 11111111. 1111111111 11111 1111111111111111111111
11111 1111111111 1111111111 111111111111111 1111111111, 1111111111111111111 111111111ιηὶ1.

21 11111111111111·1111(1.1,11 11131 ,en 1111111111 11111 11111111, 111111 11 1111111111
111111111111111111 1111111111 11111111 1111111111. sam 1111“11111“111111111111111111111111111111111111111
Augen. 1111 ,1111 1111· 1111111111111111 111111111 111 1111811111111 1111 1111111111115111111111111·
11111111 1111111111111111111111111, dns 11111111111111111111111 11111111111111. 11111 1111111 montet·
11111111111111. 1111 ,111 11111111 111111 111111111111111. 111111 111111111111111111 1111111111.

Vm! 1111 wohl 1171111 1111 Ι11111111 111111111111 11111 1111111111111111111 111111111ιᾷ1
11111111 1111111111111111111111111111111111111111111 1111111 11111111 1111 11111111111111-111111111
1111 1111111 111111111111111111, 11111 aar 1111111 nazareht. ›01 111111· 111111. 111111111111111111111
1111 1111111 111111111111111 111111111111[1111111111 11111 11111 11111111111111111111111111111111111
111111111111 1111111111. 111 111 11111111, ansa 111 1111111 1111111111111111 11111111111111111111
111111111111111111111111111111111111111111111. 1111111111 1111111111. 11111 1111 *vlu-hcm 11111111
nur 1111 1111111111-111111111. 111111 1111111 111111111111 1111111111. 11111 11 111111111111111111
’1111111111 1111· 1111 1111111111111 11111 1111 1111111111 11111111 111111. 11111 »1111111111111111111111111
,1111111111 11111 111111111111111 Ζ11111111111 111111 11 ,11111 11111111 (1111111111 11111111 1111111111
1111111511111111111 1111111111 1111· 111111111111)·111111111111111 1111111111. 1111311111111111

11111111 1111111111 11111111 haben. 1111111111 auch 1111111111111111111111111111111. 11111 31111111]
111111111111111111111111111111 Gottes. nacbgehends aber durch 1111 1111111111 Teum

 

