550 ⁵ ’ runem 1111 1111111·-

1111111111111111 111 11111111 1111111111 111 1111 111111, 11111111. 11111 ste ietoeb
11111111111 11111 1111111111 1111111111 111 Betronnngen 111 1111111111111 Herem
111111111111111 11113111 1111111 1111111111111 11111111111111111111, 1111 11111111,
monn 111111 mit 1111111111 111111, 111 111111111111111 anob 111 1111 1111
1111111111 11111 dem 1111 11111111 1111111 111111, 111111111111111111111111111
1111111, 111 1111111111 111 111 111111111111111111, 111 1111111111 11111111, 111
1111111 11111111111, (1111 11111 1111 1112111111 thren, 1111811111 1111111111
anolden reye, 111 jemohlen mit der Hexerey 11111111 111111 1111. 811 1111111111
11111111 sterben, Gott werde 111 11111111 11 tog geben, 1111 11111111111111111
hebreo, 111 11111 Vnrecbt 111 11111111 11111111, deme 111 Alter 111111 11111111 111111
1111 811 111111, 11 111111 1111111 111111111111111111111111111111111, 1111111 111
111 1111111 1111, Sie 111111111111161111111, dem Schuelmerrter, 1111 renero
11111111111111111111111111 11111111111111 wegonem, 111 11811 111111 etur
11111111111111 Pein 111 1111 1111111111 1111111, 11 were 11 1111111111 11111111,
1111111 1111111 (nuntronio) 111 1111 11111111 lingon. Wer 1111 111111 1111111, 11 1111
11111111 111 111111111111111111, 11111 11 111 grosse 8111111111111111 1111111111
11 11111 1111111111, 11111111 1111111111 1111 11111111 1111111, 11111111 111111111111 v!
81111 1, 111111111111111111111111111 1111111. 11111 1111111111111 11111111 1111,
111111 11 1111 (1111 11111111, (111 111 oum 11111, 11111 111111811111111111111
111 111 11111111111111 gebracht, 1111 111811111111111111 11111 111111 111111, 1111
11 11 yber einen greben ger rungen reye, wie 111 1111 1111111111111111 zue 11111
gerent 1111, Er seye 11111 111111111111111, 111 111111 1111111111 1111. 01111111
1111111111 111, 111 1111111 1111111 111111 1111111111 1111111111111 1111. 1111 1111 11
11111111111111111111111111111111111111111111311111 11Ῡῖ
1111, 11 11111 (1111 111 Zairhen’thuen, 111111111111111111111111. nete 111·
neben 1111 (111111 willon gebetten‚ 11111 11111 1111 11111111111111111111, 1111 nm
geren 111 111 1111111111 111111 1111, 811 111111, (1111 werde 111 2111111 11111 uenter.
1111111 Sie 1111 11 11111 111111 gebracht beben, 11111 11 11111111 111 1111111111
111 Vnreeht. Sie 111111 1111111 sterben. ebe 1111 donn 111 111 11111111111111111·
1111111 11111 1111111. Wnnn 111 111111111111111 11111, 1111111111 1111111111111·
11111111 111 Verbefftung 11111111, 111 11 long nit gerebwigen 111111. 11111111 r!
rittelttigee erinnem 111 11111111 111111111111111111111111, render 111 111111 irt-
zen niderrprecben 111111111111, 111811 1111111111] 1111111111111111 11111, t:
ft constanter verbliben‚ deorwegen 111 111 Sie 1111111111 11111 1111111111
11111.

Wnr 111 1111111111 11111111 11 11111111111111111111111111111111311, 1111111,
11111111 1111 1111111111, 1111 111111 111 81111111111 1111111, 11 111 1111111111 br·
111111 11111, - tt 11. te tr. 211. [111111111111 1111 111 01111111ιί11 111 neonem
1111111111111 - 19 fl. 131 111. 111111 111Ρ11111111111, 1111 1111 1111 1111 mbr·
11111 1111111. 1111111 1111111111111111111111111111111111, 1111111 E. F. Gn. 1111
1111111111111 rue 1111111111 1111111.

111111 111111. 111 28. Sept. 1621.
1111111 (1111111111
11111111.

At 1111 relationem 1111111111 1111 Von Gotter (111111111111 friderich, 1111111
111 thrttenberg. Lieber getrewer. 111111111111111111111111111111111111111111
11111111, 1111111111 1111 111111111111 11111111 111 1111111111 011111111 nepem
111111111111111 1111111111, 111 11111 1111 dere 11 111111111111 1111111111 11111111·
1111111, 111111111 worden. 11111111 11111111 betelon, Strbbrttern 1111 1111111111
11111111 enrnernigen, 11111111 111 Kepplerin 11111 11111111111111111111111 111 111·
1111111111 11111111 purgirt. selbige durch 11111111111111 8111111, 11111111 11111 tnta
lichen Recbtetrg‚ nocb 111 111111111111 111111111111111 1111, 111 11111111111 (111
roe 1111111111, 11111111 11, 11111 111 111111 111 11111 11111111111111111111111 111·
11111111111ηὲ111111111111111ἑῖ1111111’11111111111ῠο 'mm‘ “¹⁸⁸

11111111111111 1111111111 1111111111 11111111 111 ybermtrrig 11111 notuit
¹ 1111 1111 Comminatio mehr 1111111 11) 111111, 111 dem 8111111111111 roth 111111
11111111, 1111 11 11111120111111111111111111. So 11111 11111181111111 roh-h
11111111 11111111111111 11111111 11111111 1111111111, 11111111111111111 d!
111 1111 11101 tur 1111111111 (111111111111 er 11111. 11 11 111111 vomerem&

abatur, 1 nebron 11 11111111 1111111111 11111111 vere) 1111111111, 111 Μι-

 

