· 1111111 11111111 1111 grosse 111111 durch schmiehruug 111 11111 ge

50ss ’ 111111111111111Κ111111.

111111111111111111. 81111111111111111111111111111111111111111111111111,
1111111111. 11111111111111. 11111. 101.

811111Ρ11111111111111111 1111 1111111111 11111111111111111111 1111111111111
111111 1111111 praejudicium 1111111111 haben 11111, 1111 111 11111111 1111111111·
11111111, 11111111 1111111 1111111111 11111111 11111111111111. In 11111111 11
1111 1111, 1111 11111111 111 1111111111 11111111 1111111 11111111, 1111111 1115111111,
11111111 1111 bey 11111111111 grah 111 11111111111111 gemacht, 11111111 ’111111
11111 11111111, 11 hellen 111, 1111 111111 111111111111 1111111111 1111111111, 11111
1111 1111111 confrontino 1111111 Η11111 1111111 1111 yber 1111 1111111111 1111111111111
1111111111 1111111111, 111111 11111, 1111 man 11111 1111111 1111111 warde, 11111
11 111111 1111111111 1111111111111111. (11111111 1111 1. 111 1. 211111 111 3. 111111

1124. 111.91111.11111111111111111111). .

1111 18. 11111111 111 1111 1111111111111111111111111111111Ἥ 11·
1111111, 11111111111111111111111111111111111111, 11 11111 11 1111111 11111
1111111 1111, 11 11111111, 111 1111111111 111111111111111111111111 1111111111
111111111111111111111 11111 1111111111111, 1111 111111111111111111111 magn,
111111111 1111111111, 11 111 1111111111 111111 111 1111111111 Ρ1111. 111111 tiam 1111,
an selbiges 1111 111111 mit der 1111111111 gestasset: 11111 11111111, 111111 111
1111111 1111111 1111111111 worden, 1111111 1111 11111111, 1111111111111111111111111ο
111 111111111, 111 111 111111 1111111111 1111111, 1111 111 2111111111 11111111 1111111
111111 11111111111111111 der vngeendten 111111111111111 111111111111111 11111111)
11 1111111111 11111, 1111111111 101111 1211111111, 1111111 1111211111 11111111,
1111 11111111, 1111111 111111 1111111 1111 11111111 1111 Ζ11111111 11111 11111111111
111111 haben werden, 111 111 1111111 1111 11 Zeugen 11111 1113111111 1111111.

1111 1111111111, hat 11 mit angadeutem Zieglers 1111111111 11111111 1111 11
1111111111, 111111 1111111111111111 111111111111, 111111 111111 1111 1111 111 1111111
111111111111111111112311511111111111111111 1111111111Ἶῶ
1111111 11111 511 111Κ111111111111111111 1111111 (1111111111111111 1111111111

111, 111 111 Keplerin zu 1111 1111111111) 11111111111. 8111111111 1111
1111111111111111111111111111111111111111111.11
geben, also derselben 11111 1111 1111111111 111111 yber 11 ’.1111 eramen. 11
111111111ῑῶ11 autem 1111111111111, sedetiam 111111 wammam a testimonii (11111111
repellitur. 1111111111, 1111111111, 111. 111111. 1111 verb. ,111111 111 111111
1111111111ρὶ11111111111111111111111111111111111111111 1111ξ1111111101ὴ81111111011111111111111π

7111111111, 1111 einige 1111111 1111111111111111111, 1111 111111011111111111111
maleficii 1111111111, 1111 1111111 111 111111111111 1111111111 111111 1111 1111111, ’11
111 11111111, 1111111 mit Christoff Georgen 1111 dem 8111, 1111111111 m honum,
111 13111111 11 erstem 1111111 1141. 111. 1111111111 11111111111ζ1ῗὲ11111111

1 111 11

1111111111 111111 zu 1111111111111. 1111111111 11 morbis 1111111111 illatis affl
remediis 1111111111 111 repellantur, attingiret worden. 1)1 1111111 11111
11111111 1111111111 1111111111, 1111111 1111111 111 1111111111 11111111 gemm ιώ,
11111 11111111 ’111111 (111 101111 in rotulo primo), 11 111 Η111111 1111111 1111111111,
1111111, 11 habe 11111 1111 11 111 11111111 11111111, 1111 111 111111, 11 1111111111
seye oder nit, inmassen es 11111111111111111 11111 11111111. 1111111 1111 11
1111111111 111111 kind (1111111 11 1111111 11111111117111181111 111 gum}
1111 ’1111111 111111111Ζ11111 den Arm 1111111111 1111111111, 11111 11111 111111111
111 11111 111 8111 111111 1111111111 worden, 111 111 11111 1111 11111 neuen 111111
111 11111 11 1111111111. 11111111 1111111111 11 111 111111111111111111, 11111111
praesumptio naturae consentanea, pro 1111 1111111111 1111111, 111111111111 ml·
11111111 eandem 11111111 confirmant.

Dritens ist 1111811111111 111111 (111111 111 1111111111 1111111 111 1111
1111111111 111111 111Κ1111111 aussgesprengt) 1111111 11 11111111111111 bobum,
1111111 111111 11111111111111111, 1111 111 11111111 111111 1111111111111 mm
1111111 1111111 11111111111111111, 11111111111, 111111111111 11111, 11111111 m
glauben 1111111, 1111 11111111111111111111111 11111111, 11111111 'egen
Diebstals flnchtig, 1111 11111111111111111 worden, wie ausser 11111.Ζ111111
1. 1111. 11 27. 111. 111111111111111 1111111111. 11111111 111 11111 11111 111

1111111 1111 11111111, 1111111 1111111111 ein 1111 mm ..111

 

