nense-nnonu

888188
88 881811 1807. V. 88711. 7.
,, ,, 18181. 888. 811. 18, 17, 141.
, oometemm ortu 811. 18.
, (1888181111 hypothesi 81. 81, 88.
, 8811811188 8888811818 8188.
,, eclipsibus 11. 418. 111. 818, 818. 81. 8811.
811. 48811, 888.
, (18111888 V. 88. 81. 81, 88.
, ee 11111... sessionnem. 111.
,, 11881811 1111888818 Nove 81. 81.
,, ,, premerldibus 81. 8811.
, ,, 881188181188. 81. 88, 80.
,, ,, Hermonis V. 88. 81. 80.
, ,, 118118 8881111818 1. 888.
,, ,, ,, 18 11811181881811181. 188. 81. 88.
, , 188111 hypothesi 81. 88, 88.
,, .,, prognostico 11. 1818. l. 888.
, ,, 18811118 8888881811 81. 84, 881.
8881118 mittit 88811881 818 1111111188. 88.
, nunciet 1881181881 81 8118811188 8181-
18811808. 8. 80.
8 11881818 88111 obsecutiones Trebonio
ll. 408. 81. 81. ’
1188181881 81888181181888181. 818, 81.
· 18188811181811 8. 88. 81 81. 811188.
, Lunee 111818 8188. 811. 18.
,, ,, 8111811811 811. 818,
, montium sltltndlne 81 84.
,, pleneturum 8118181111 81811811111888
81. 84, 88, 8188. 811. 801.
,, proportione globorum coelestium 8. 88.
,, Ptolomeioe’euui longitudino 81. 81.
,, retractionibus 11. 408. 81. 84 e.
- 8811181 in 8818818 inquisitionis 81. 881.
18 sectionibus uoulole uon exercitatus 11 874.
88 8811111 8888. 118811881181. 88.
,, Solis 8111181118 Terre 81. 88, 88.
, ,, declinatione 81811811 81. 88.
,, 8181188881 1811. 81. 88.
8181111188. 8811181. 818.
88 'leugnegelli 8818118 1811188 81. 81.
, 'ferree 8188118 81. 88.
,, ’1111188118 ln Chius 8188. 811. 118888.
,, 1188 881118 (8111818) 81. 81, 88.
Romi
1888118 dirigendi (astrol.) 81 81.
1111111188 81 88.
observationes vl. 81.
Proguoetloum Wellenetenll 81. 70. ,
Bennios, 188811118888111. 8111818.
88181188 8881118 8111888881 1. 188.
88888111881111818118. 8111. 788.

1181888118 11881811 8111111118811181 ’

e, 1011. vn. 811-881.
Responsio 11881111 811 8811181118 8. 1014.
ηψὲξίὲἰᾷἒὲἓεα muna-neon.

Dedicetio ed‘J. 8. 888881818818

1. 808.

XCV

⁴ Retiue (1818811118 188188) 11. 881, 188 8.,

888. 8111. 104.

,, 1181881888 8818881811 11 181, 188.
88111188 888111 188118 11 188.

,, 8818111887, 888.

8818818888 8188811188 1 118, 818.
81. 44111.
88118811 8811818181 (1118188181 11, 108.
88888811, 8118811 118 1111 18818111 188.
888888188, prol. 8818118818881111818. 417,
8881111, 118181. 148. [811.
Renttingerns (1. Bounimon), 81118 8881-
818888111, peter 88881818 uxoris Kep-
lerl ll. 400. 18114, 841. 8111. 808.
881118818118 radiorum 8811811. 100.
88188118 (ustrou.) 81. 888.

,, 8881(181181.) 1.81811.,40111.,488,8818.,
„pro 888811881111 81481. [888.
8818188181 r. orbes.

1111811188 Alpes 11. 118.

8881888888, 188881. (181118. 8111. 818.

88811881, (18818. 181818,

(1881111181 1188188181 1 8.

estrouomiee baculum 8181111888111818
1. 118, 188.

(1888181888 oum Ptolemaeo 11 888188811188
comperet 8111. 878.

18 88881818111881111181. 1871.

Dum. 11811818 (18811111818188818181881 181881
81118111. 418. 81. 848. 8111880.

de hypothesibus 881188818188811. 848.

Mercurium 81181881 1111118111 888881118111818
neget 1. 11, 171.

8811111111 motibus 111. 188.

, plebeiorum 1111188188 et 8181881. 08.

18888111 1188111118 18 numerum pluuetsrum

argumentetur 1. 107.
8811181

881881188 encomium 1. 111. 7111. 888. .
editio libelli Seoro 8818888881 1811888 1. 8.
11888181τὶ18 1. 8, 187.

· 88181818 81 8888811118 1. q. Narratio.

(1881811881118111 111. 188.

88118118 118. 1. 8, 88, 87, 108. 118, 174.
ll. 778. 111. 184, 470. 81 811.
8111. 81818.

⁸ ,, 8808881888111 intelligendum 8811111188·

8811111111.
,, 11881811 81881888 8111818188 sejuncto
1. 10, 18, 871. 81840.

,, ,, 881 8818 editioni non 88188818 1. 18.
0881 88 1111888118 1. 8. 81887. 811 808. -.
8881181, Ambrosius, 81888118181811118

l. 887. 11. 848, 884.

,, 8888111818 8. 1018. 8117811, 148.

, , eclipsi 8. 1801. 11. 848.

,, ,, 18881811 88818 811188οωὶ88 11. 488.

,, 11881811 emsnuensie 8111784.

,, 88 11181811 8811888181. 887.

, , , 8818181118 8111. 188.

 

