LXXXIV

2818888188 68 88111118 7111. 270.
281818188, 7888818888,
861188886881181881 228.
68 1188681 6888168811. 226.
, astronomicis hypothesibus 1. 217. 11. 826.
, 81888118 eorumque orbibus Ι. 217, eui.
eum 8811888 1888811 111. 172.
68 11888 81 refluxu 88818 111. 166.
8181188 61811 flammulas 11. 679, 683.
6828888181 8818888181. 260.
Patriaruharum 88188 711. 760.
281888 888188188118888888118 chronologica
17. 222, 221. 261, 289, 296,
662 88 ⁹4³0.
,8881881188 68 Terra 111. 166,
Pauli apostoli 11688 8818888 1. 97.
,, „vaticinium 11. 711.
,788811 peregrinatio 71. 666.
288188 111. pontifex maximus 711. 276.
7., 11. 610.
„hiiddolhuugensia² ds 0818868818 71 109.
2881688, 8. 2188888, 68 8818888168 11. at,
,68 888818 Solis rotunda 11. 166.
Pecunia luxus 888888 711. 762. Ejus pretium
88811711. 11. 722, 7111. 669.
2861881818 inquisitionis 8888881688 71. 661.
286188188818 genoratio 11. 7008. 71. 178.
28181186, 888188 8888. (1881188818, 681188-
1881 18118 7111. 76188. [701.
2811881688, qnid 11. 60, 133, 117, 1198,
, refractionem causatur 1818 8811611818
11. 16 sa, 66, 71, 136.

281188161 81 8888818111 6168886811. 117.
28118816118118 88888811. 7188, 117. 71. 116.
2888, ioannes,

mathematicus gellus 11. 619, 6768.
68 aira 8188168811. 208, 6198, 676.
, cometis 11. 623.
(1888881811 1688 negat. 11. 621, 673.
861188811618 0811888 81 Harmoniam 1. 205.
11, 102, 160, 619.
68 Gelono 11. 671,
, 8818 8188818888 11. 620, 673.
retractiones siderum negat 11. 6206228, 676.
, 888 888811811688 18188 8888818111622.
sphaeras coelestes 8811881688 negat.
11. 61988.
68 stellarum fixarum motu 11. 621.
88888818 iaisis miscet 18 praefatione 18 Eucli-
618 0811811818. 11. 616 st.
68 8181881811 11. 621.
,, 8188 11. 621, 671.
Panioiliorum axia, quid 11. 666.
2881888888 7. 998.
28888688 11. 280,117. 111. 616, 626.
71. 603. 711166.
2888188, hughe, 1881881188181111. 67.
288811 conjuratio 1. 666. 11. 67.
Peregrinatio 8. 11811188.
288188118818188 7111. 667.

2881681188 81 88681188 pro 88818888 81 spu·

Paterentur -

Phiiippus.

gaso 8 7881888 186188181888 1. itt.
28818688 800 annorum 11. 666. 71196
281188181181 philosophi 88181811 11. 116. rto
,68 motu 8181188118 711161
2881888171, 297. 28818811 71. 267.
2888886188188 18 trigouometria 71. 119
288881 epigramma 1. 80.

, Macedonia 818688 111. ets, 696.
Persae 68188 adorant 71. 307, 612
Persarum 8888886188 17. 1698.

Persii 888888 11881881 symbolum 11. 676621

2888881688 1886888818 vlt. 279.

2888181111 usus 8116888118 11. 16, 2668, 192.
617, 662 81.

, 688688 888118 881811 constructio 11. 181 1.
Parnasium 811881. 339, 660. 11. 166.
2888888888 tritonidem diarum 7111. 116.
2888881 montes 11. 212.

281 1188188818 V. 610.

„Romanus 711, 692. 697.
Pariis iongitudo 8 gradus 1888118681187621.
Pas truttaa 7122.
2881188 8888 111 721.
perstringeremus. tu 108, 666. 17. 111

, , 8. 1699. 1. 101.

,288188688188 8. 1802. 1. 321.

, 6181188188 8178618888 ι 169117.

, ’78618888 8. 1661. V. 17.

, num 8 8888118 vu. 27, 112.

2818811 68818188 18888888 8 nepum 188818
iv. 16381.
, Ursnologium 111. 616.
281888 68 1186188 68 acu magnetica
11. 812, 811.
, , ulliaco 8. auliaco.
„ Peregrinus hainonensis, 68 manate
11. 612, 816.
28888888. ejusque scripta 1. 666. 7111. tiis

,, inlitis, (18 Proelo 11. 161.

2888888 68 68111817. 668.

possessores, 6881811188 Reginae Ehem

218818188, proi. Lipa. 1. 68.

26818888, Tuhing. 711. 600.

2181688881. proi. Tubingenais‚ diss. 681188·
1881818888881818 doliorum 17. 661 ss.

2688888888, quid 71. 120.

26888888888 singulare r. 6188888188 18 Soit-

2611818888, v. Demetrius.

Phandierus 7. 66. 71. 73.

Pharaonis somnium ii. 706.

Pharisaeorum 881817. 266. 616.

268888888888888 pondera 7. 691.

Pharnaces 68 Lusias lumino 11. 306.

21188881888(1888811188], 8111188. temp. tina.-
68 astroiogisi. 621.

26888888 uxor 11. 266. 613.

Phiiippus, 11888618 611118 17. 166. iiii-'5-

’, 11, 11188. 888 711. 31, 121.

2 ¹1¹· 2 8 ¹· ³⁵⁸·

, 118688. iimina (1818818186. titii

 

