cvm

'rengnugellne
66661 0616611666 6661666161 11. 84, 811.
11661616 16166166 1. 848. 111 11 616666.

,, 166116 666. satellitum Jovio 11. 618.

,, ,, ,, 11611666616611.618,666,822.
6 liepiero 1616166161 66 11166 Ι. 28266.
Longomonlunom certiorem 16611 6611661611

6166116 111. 446.
661666611661 non vuit 6161 ΙΠ. 12, 708.

’ ’16661666 1166. 6616161 61 61166161666611-

16166 v1. 882. [7066.
1666116 Tycbonie 6666616661116661. ill. 444,
Tengnrgelii 1611666 adverse 11. 811. 7162.
, 61661. 16 Astron. Novem 111. 146. 7. 66.
Tenguegeliue, 866, 616116166661166 71. 82.
’1616161 661161161 616 1) et Θ 71. 600, 606.
,, geometrici germanice redditi V. 811.
’16116
611161 661171. 181.
6616611 comperero 1. 864. 7. 264.
66616 16661616 66666161 616 71.122,“681.
6666666 66616 coniuncte 1. 6016. 11. 6806.
66161666661616 71. 171.
16 creatione quelle 71. 120. [860.
domicilium 6666666116 616616166 71827,
globue 6166616611661666 6661 Solem 11. 606.
6661666 6116661616 7111. 80, 111.
6 Lunr 16166616 661116 666616617111. 67, 68.
1666666166 161611 111. 806. 71. 880 ee.
mognee 6161161 lli. 887 616666. 71. 174, 87666.
mensure reliquorum corporum coelestium
71. 817, 8206.
qno 66666 16161661166 66661 71. 810.
6166611166 666166 71. 822, 826.
resplendescit 61666 6666 eque 11. 287.
666661166, 661711. 740.
’161166
6661166 71. 68, 184. 7111. 46.
, 61666666 6681616616666 11818. 71164.
6 Posidonio. Ptolemaeo, montegaio,
Alpbreguno 71. 184, 6016116 71 188,
6 l'ernelio 1. 662.
,, 66116661 11661611 16116 (11. 287), 7. 48 6.
66161116661166 66166116) 1. 202, 864 61 pue.
11. 146, 270, 688, 888, 700, 720.
7. 282, 26066. 71. 11166, 64066.
,, 6666611666 commovetur 1. 8664024286,
466, 476, 642, 680. 7. 260.
,, diverse 66 humone 71. 170.
66661166 66166116 71. 678, 484.
6616 166661116 71. 171, 180, 676.
,, 1661166166 71. ubere, 621.
,, 6161 661611616616 61166116 Terrae 1. 110,
121, 262. 71. 111,220.
,, 66666666 temporie reclinetur 71. 178,
876, 620.
,, 1666 eum 66661 666 71. 166.

,, 666 dirigetur 7Ι. 114, 676.
6616111. 146.

6661166 num 1666611671. 620.
circulor 11166166116616 11. 278.

61116111 6666611116 eum 661111 11. 474

7666666166- Tarte

161166
61166111 computatio 71. 174.
616666 111. 624. 71. 606.
616166116 6 8616 Ι. 68, 121 64 6666. 11276.
71. 64, 826.
eooentrlcitue 71. 4686.
666616116666 661666 6166661711. 12.
16661166 66166111 6616616 gignit 11 688, 120.
,, 161661116 L 420, 466. 11 271. 601, 100.
7. 264. 71. 178. 7117266.
,, geometrice 66666 7. 264. 71. 118.
,, 66111611. 8. 71. 171.
1361666161616611616661666116171121161.
711 784 66.
,, 616116 7. 416.
,, 666161166 66666111616 71. 12766
num globue 16616666111, motum dirige·
111. 418. 71. 876.
611661616 6666616116 Ι. 402. (dr. 7611
66166.
16666 16 6661161. 128. 11. 604, 880.
71188, 160 66. 7111. 82. ’
16666 666 Lunum 6616166161 7111. 88, 61.
16666 86116666 orbium 16116 7111. 106, 122.
61 66161166 proprio eet 1661116 66 metu
71. 1141.
meditullium Judeeie Hierosolymo 71 122.
66166 16 161116 regionibue 1600, 611126,
402. 17. 121, 671. 71 64 71116,
626 6., 866, 648. 7111. 16
661666 666666 661616166 l. 827. vll. 28
66 Terrae 6611661666 7111. 264.
66166 6666661166111161 1. 112 et, 606, etl
111. 7. 6171. pm. vll. 748.
,, ,, 16 6666 plegem, 6666166 71412.
,, , 666 88611616166166666611604
11. 478. 111. 168. 71. 184.
,, 6161666 1.117,121.11.626. 711661..
860, 482. 711. 877.
,, ,, duplex 71. 482.
, ,, 666 globi 6666616161 metu e·-
6616111671, 170, 640.
,, , 66 norlgutlone 61666161 71. 180
,, ,, turbinis motui computatuei'l 112
„ diurni 61166166 Vl, 881) 6,
,, 6616116611. 878.
,, 66616666 6616 comp. L 16011523.
, 66666666 Ρ6666 11. 621, 676.
, 6666166161, 16166616 duplici 1111111.
, triplex, 666 666661117, 268. 11 tte
71. 188, 620.
61616 666666 6666661166 111. 278.
,, ,, 666611 1661611. 66, 68. 71 866.
eor, 116.
,, , 16116611161. 44. 111. 24.
,, 66661 666666161166 6616611161. 116111.
, , , 6666666 inquiratur 111. tlt
66666616 Il. 280111. 626.
6611661166, 66661166 661 libitumst
poli num 661666161 1. 117. 71. 1826
1666116116 6661611666 tribuendam. [1221.
1616661166 quomodo 6666166661. 661. ll

 

