Lx

11661661 6161616166 66
Η666661666, 066366 1666616 6. 1600. (66661)
,, 066666 6. Aug. v. Sept.? 1600. (66661)
111690 (111. 11), 08.11. 764.
,, ,, Oct. 160011. 77, 766. lma.
111. 66, (ι, 666 ss.
„ „Nov. 1600. III. 11, 69866. (09).
11. 766, 789, 77.
,, , 166. 16031, 663 66. (11. 700).
11. 78 (766, 790), 11144666.
V. 6306.
,, ,, 1611603. (66616.’166661’6666.1.6-
narium·Tych‚) 111. 708 6.
, , 66). (666. (1.661.)11.16. 111. 6ο.
111166.. 1v. 66.
,, 161. 1603. 1. 666. 1116. 111703(10).
,, ,6866116011170
„ ,, Oct. 1604. (deest) (II. 81).
,, ,1166 1604. 11. 81.
,, , Febr„ 11661. 61666. 1606. 11. 83 66.
,, Ian. 160617. 90 66. (1. 666.)
11. 683. 111. 30. V. 616.
,, ,, Iun. 1606. IV. 604.’(11.683) 11130.
,, 166. 1601111. 464. 17. 473.
V. 3066.
,, Apr. 160111. 684111. 466.
17. 474, 606 6. 7. 39 6.
,, 1311661607. (666. 1116611111 66
06666116) 711. 107.
,, , 041166, 1601111. 306. 17. 476 ss.
7. 41. 711. 9.
, 6611666. (6.66.) 111. 31.1v.5·27 ss.
,, ,, 1766. 1608. (66661) 17. 609.
,, ,, 1166 1608. (7. 46.) IV. 609 6., 478.
,, ,, 6. Febr. 1609. (66661) 17. 680.

1166666666 (1166616611661), Pagae 1661. 1606.
1. 369. (7. 6.) 111. 37.
,, 766666 c. Aug. 1606. 11. 604.
Romanunm, 1. 11., (6661661. 8161166 16 666661
(6. 6.) 1606. II. 760.
. Petrum, LInc. 4611616. vl. 19, 71.
116666161666666,1.66ον.,6. 6.(166366.) 711 1406.

Η6611661,Ρ66366 Aug. 1610. 11. 464.

Iacobum, AngIIan regem, 6. 1. 61 6. II. 607.
.. Line. Febr. 1610. (ded. 1166666617. 77 6.
1666661666. 066366 766. 1604. II. 763.
16661666, v. Fersium.
sorgerum (666. 81666666, 1161), Lino. 1166.
1611117. 6636611111. 1616111672.
,, 6. 1. 616. 6. 6. 1610. 7111970.
Iohannem Fridericum, 6611766116666. 1166.
ἕως. 1608. (66616. Mercurii 16 8616)

1661666 epistolae. - 1161616166 66 nepum

666666 a neaer-
1166666166. 166. 1600. I. 71.
,, ,161 16011173. 11108.
. .1166.1601.1.73.111.691.
, ,, initio 6. 1600. 111690.
,, ,166.1600.11766.
,, 161. 1600. 11, 7661111690.
„ Sept. 1600. 111. 08 (11), 690.
11766, 76.
,, , Oct. 1600. (111. 09.) 111. 697.
,1166 1600. 1. 663. III. 441,7
11. 40, 407. 766. 790. 7. ex
‚, 1166. 1600. 11. 766.
,, Febr. 1603. 111. 09, 444, III.
„Apa 1603. 111. 703 110).
,, ,166 1603. 1. 661111. 10761
„ 1166. 1603. I. 666. 111. 704.
,, 166. 611766. 1604. 11. 81.
,, 166, 11661616611606. 1161
,, Aug. 160617. 89. (11. 683.)
,, ,, 1766. 611166. 1606. V. 616. 111
,, 116). 1606. 11130. 16247161
,, ,, 1766. 160611. 683. 111. 464171
,, 166. 1607. 111. 464. 7. 60.
, 11661. 1607. 11. 683. 111. 466.
17. 473. 606. 7. 38. 71111
,, 466. 1607. 7. 41.
,, ,, 061. 1607. 111. 467. 174766
V. 40. 711. 0. vul. 631.
., ,, 166. 1608. 17. 478 (6036. 7.(
,, Sept. 1608.11417.111.31.17.6
„ „Iov¹ (666. (v, 66.) w, 6666.
. , nec. (666. (v, 66.) nv. (6666
,, ,, 166. 61 11661. 1609. 17. 4616
„ , 166. et Ing. 1609. 11. 790. Im
„ ,6161666661666
., „Apu 1611.(17. 481.)
Η6)6ο666,11666, 1606. 1. 368. 11. 601.

1166666666, 1..11.,Ρ666.Ι166. 1609.1“111.“·’Ι

,, Prag. 1166. 1611. 7111. 800.

., Ρ616, Prag, 6, Apr. 1616. 171. :II
HohonIeIderns. 166, a. 1603. 7111. 971.
1166661166, Μ661.,061. 1699 VIII 709.
11661166, IIonon. 1661610. 11400. 7111 II

‚, Bonon. 11661. 1610. 11. 4163711171

., ., Apr. 1610, 11. 413. vm 791.

., , 116). 61166. 1610. 11 663.

. 166666. 1166. 1610. 11. 461
Ismenius, prag. 1766, 1617. 7111660
1668666611666 11666, Idne. 1166. 1616.

., 71666. 1166. 1618. 7111971.
166161166,11666666 Dec. 1604. 11. 491611

 

