Koplttut.

1111101006· gp ixiprntizzltiaelo 110111 111. 35,

,, munet 01 1011010111οι oum meteorologio

10011011. 303.
utu... 1ἓὲ11ἶῖ1 11101301 1 221⁶...
· linguam 111111 11. 303.
1111111111 010110 L 305. ,
1111111 1011 u. 1101011111.
1011101010 1101110οἰ 10110110 1. 1300.(10·
scribit 11. 5.

,, 1000111011 ,1101011ιι 11 comparat
1110110011ᾱηὶ0 1. 301. [11. 871.
11310101 VIII. 840, 3541.

,, 1101111 1111010011 V. 331.
11110111, 0100011. 1111101 0101110 10111111. 343.
1110001010 moratur 1. 1637. 1 33. 3101. „in
“ 5. 001. 0130-33. 001.,11111111-
10101100). 11010101. 11. 331.
111. 531, 343.
francofurtum oum protecturum 11111 1101·Ι
0111101111. 141.
,, 1001. 1331 proficiscitur 11100001 Ept-
101001 1. 105. 11. 33, 333, 533.
31111101 00010110 31011001 1101111 Ι. 41.
,, griphos frustro 110111 solvendos
ΙΙ. 43311, 511. [5351.
11 31111111 100101001101 11. 451, 454, 43011,
- ..uuiiiiitfiztttii‘ttiiiiitt
11. 437. [433.
3111111010 10011 socium studiorum 143. il.
,, mouet, 01 0000101000 0011110 01011111·
1011. 41.

,, , 01 0110111111111110 00111110 i. 43.
31111010 Prudromum 1011111133.
(1111111001,1100001., 10 1001101 legit 11. 401.
du gououi (0111011.) 1111. 1111. 33311.
1101110 10100001 1011111 genui 10001111

111. 313. 1. 3311.
” 1011011113·

,, Augusti 00011 1117. 3311. 11. 3061.

,, Regu SigiomuudiFohricio mittit 1. 333.

,, 111000111οἱ1 depingit 1. 3331. 1111.

34311. -
geometra· 01000011 11001111101110 0000101·
111 111. 334.

u u

1111100110 mittit 011101 o. 1595. 1. 33511.
11 (1011010111 turbio 11. 33. 1111. 333.
,, (11110110 Auglo (v. (1111111001).
(11111111 11110 11 magnato 0001101101 10 11·
1001001011001111000010101011345.
(1000100110 0101 111 111101111. 1335. 11. 43.
(15111111 01111111 11111011. 1333111343.
, uersatur 1. 1333. 111. 351. vlu. 313,
(111111 historin 0101111101 111. 751. [313.
,, inspectorum optimo 001001111 fruitur
1111. 703.
flutio 1110010111 modiratur 1. 3, 51, 63.
1111. 703, 713.,

1.1

1101111111
(trotio 11101101, 37. 3101. 1533. tuo (3111,
111 1 01100100 oxolpitur, 1111. 1111.
704. 1111010 01001017.Αο1. 1600.

1. 01, 111. u. 111.

,, 11111111Ρ1111011.1300.1.71,101.111.

(latium 0103011111011. 1534, ibique 01001
11 1. 1300. 10011101, protutor untho·
011001 1. 711.. 53, 103. 111. 303.
, Progo 11101111 1101111111101011, 1.
1301111 5, 33, 45. 11371.

1111. 733.

,, , o. 1605. 1. 353, 35311. 533.
(1001111010 1000 111 1101101010 11. 33.
01010101100111101 01 0111111 010110 10110·

1010 1330-31. 1111. 333.
10 Η11101110111100101111. 33.
Η11101001 0001110 0011011 praeceptorem 11. 37.
Harmoniam 1011 1011111 destinati. 370.

, Emortogrottmguoumuloobenefaciamus.

,, 001101 101 1000 01111111. 4.
,, 11100111 11 111111000001111010111
misit V. 45. [71. 533.
,, refert 11 1101111, vito 111111. 53.
11 1101111110 consilium 0011111 0011 vitot
1111000 10100111. 73.
11 1111111110οι 1011111 10 10010011 hypothesi
1110011010ιο imitatur 111. 513. [1. 331.
horologium 00111110 ox 01111101 11110111 nou
11 votum 00111011 0001110111οω 010·
1011. 78-88. [1. tt 11.
11 horologiorum 11000001111010 subtilitate
lu Huugorioo 100111101011111011. 33, 311.
1010001111110110011101110000111.34,113,
33334311. 111. 33. 11. 1311, 333.
hypothesin 10110 11 d compunt 1111111011
, suoru 11 10010 planetarum 11ωο1111111·
mom 11111111. 113.
11 110050 1011111 rogo 1. 370. IL 307.
1111111121ῃ11οἶ111ἑ112121111001111 001ιὲ110115οέ
hugonii 10110011101 1. 33. 1111. 311.
101000010 1110011101 1011 1. 53111. 513. y
V. 351, 475 11. 1111. 3371. .
1010111111 moratur 1111. 1. 1331. 111. 453.
1010111111001 01011111 typoo 11 3011110111
1. 1331. 1111. 4.
1011001011 1100111 1011110101 1. 37. 333,
3Ῡ4Ι4. 11. 653, 334, 730. 111. 331.
1010010 1111111000 110010 voror. supplex
1111010 101111 v. Koplori 10.
30011 0110111101 01111111 30. hug. - 3. W.
1510. 11. 453, 51011.
,, ,, 010111,11011111001010101110110001“
1001101101101. 11. 505.
11 11111 11111]οω 000 11101011 11. 534, 574.
Ι101111010ιο astrol. 1001010 1111111110 1100·
11111743.

 

