Kapiari 6611161116. - Epistulae 66 86611166.

, 11661611 6611116161 16
716166166, 711116 Faba. 1611.1. 36811.
, ,6661.1611.1.8641.11.4716.

7116161616 1608. 61 1604. 661661. 111. 6.

17161166τί66 [1611. 66616. ,Νἱνί1“ 711. 717.
, [711116 1610 II. 776.

,116611661 1618. II. 401. 1. 661.
’ 7. 46. 711. 468.

77111661116166, 8611617661. 1609. 71. 70.
, 811161 Iul. 1630. 161616. 16666661.)
,, ,161616 76111761166111) 1680.

7761, 7111., 1. i. 116. [1601.], 66616. 766-

616. Iatioi. 1. 419.
wolfgangum, 171111, palat. 17666611. (66616.
01166161) Lina. 7661. 1603. VII. 687.
7666616111166 (omues 6111611161).

7161161116, 711166 7661. 1606. 11. 407, 8781.
, 1111615611. 166611. 1161.

11611611

epitaphium 7111. 906.

6116116 6616616 1111111 III. 4961. 711. 081.

excusatio 66 correctione 1661 66166 in Saggia·
1616 711. 073. .

6166111116 16 71666616 61 [11161. 700 6.

1661116 7111. 934- 944. 6661111711, 771, 470.

iata I. 28s., 87, 37, 48 aa, 6911, 100 aa,
3101, 6636. 114, 17, 79, mutuo,
607.· 111. 416, 84, 48, 710, 444.
17. 370. 7. 49 1.,616, 680. 71. 37761,
611, 1166611. 11141, 161, 1111. ·

61116 61 ulii VIII. 944.

6111 Susanna maj0r 611. 616611. 1. 1699.
1. 60. 11. 816. 7111. 097, 706 6. i
61616661661111 1. 308. 11. 648.
7111797.

,, 861166161661, nat. a. 1600. 11. 401,
81611134. V. 66. 7111. 746.
,, , 6611666 7. 66. 7111. 907.
,, .‚ 16 11616666061166.716047111907,
9431. [7171.
,, , 1161166616 666111 a. 1630. 7111. 918. i
,, , 166666. 6661111666 1111161616111
7111. 946.
,, 1161166161, 611. a. 1616, 61611. 1. 1617.
V. 46. 71. 06. 7111. 880, 847.
, catharina, nat. a 1617.,-6611, a. 1618.
V. 46, 71. 06. 7111. 717, 861.
, (1616616661. a. 1601. 7111878.
,, 1661 naria, 611. 1660. 7111. 744.

LXV

’· 1161116166 ad 1116161611
7161166161, Η111661. Jau. 16101. 363. 711. 466.
, , aaut. 1616. v11. 116. ,
, 17611666611 616-161. 1611. 1. 368, 364.
71166616681161111861. 1608. 7111. 146.
,, 1161616 7661. 1604. 1111617111760.

17111661166161, 6. 1, 716. 117161. 1677.
7111. 710.

welserus 16116, Augustae 061. 161017. 776.
,, 16161167611618. 11. 776. 7111. 874.
,, , 7661. 1614. 17. 648. ·

7666616616161,0611166111161. at Daa. 1678.
1. 803. 7111. 7031. -
,, (16066611. 1611.-6111616. I. 804.
7111. 71011. · ’
, ,, Iul. 61 161. 16001. 304. 7111. 710.
71611661, 6161661116116. 160617. 11οζ
11111. 1111. 616.)
,, 6161. Aug. 1806. 17. 117.
,, ,, 8661. 61061. 1607. VII. 71.
, ., Ian. 1607. 711. 10.
76661161, 7161161661. 61 6111. 1610. 11. 460.

11161611
61166 flantium, nat. 616611. 16781. 867.
11. 818. 7111. 639. ·
,, 7116611661,Ι 661. 1604.,66111611. II. 87,
400, 816. 111. 9617. 370, 617.
vul, 166, 661.
,, 66661661, 611. 2⁴1. Daa. 1607., matt.
1663. 7111. 11116111.
,, ,, 6661 1661166161 661616 0116111611
(Μ6111161771111166661161116101.
7111. 804, 706. ’
, ,, 611111 6611161161 666111611 71611.
, ,, 6 66111 81611666661661611 1. 1604.
,, ,, 7161166 1611661111161616166 161·
suma. 1806. 71. 637. 7111. 8981.
, , 16 gymnas. 86116166 61111161161616
patra a. 1626. VIII. 700, 906, 948. “
,, ,, academiam 766161. 1611 a. 1626.
7111. 900.
, ,, 6116116 1116166. 7161161116. 1661·
61161 7111. 707.
,, , 8161611166 1616661611 611161 71.
60411.
., ,, ,86661661ί 611111 161611 a. 1634.
1. 68. vm, 7661. [900.
66η6116ῃ11066611116166711676ῗῗ1ω16111616616οωη
71. 607 6., 680 11. 7111. 70811, 746.
61111116661111 66116166 1616666 66166166.
7161611166 IIII. 700.

 

