LXXVI '

1311110111111110111 11. 470. 111. 533, 308.
, Prognostica 11. 4701, 331. V. 471.
, Tabulae directionum 111. 1.· 3371.
11. 171. 111. 331. vn. 447.
,, 1111 Marino 3111111111 1111111 31111
11111111, librarius IV. 114.
11111, 1111 Graecorum, 1311111311181111.
131111111111

13 astronomiam remorandum 1011111111 om·
10111111111 11111111. 333.

3111 111011111ςί1 11. 331,131.

11111, 111111 110111 11. 3311.

1111111131111101111101111111 11. 838.

1111 11 1111111111111111113111 10111111. 330.

1111111

1111111111 111. 70. vl. 441. ‚

apheliorum 110111111. 351.

1110111111 1. 1585. 111. 310.

, 11011111 111. 81.

101οτ110111 1. 313, 4351. 343.

1011111110 eum 8011 corporalis 111. 334.

3111111111 11111111 Vl. 34, 333. VH. 533.

31111111113011111. 33, 33311, 383. 71. 440.

1111111111111. 43. 1111111111. 11. 440.

11110111111111 11011101 1. 170, 3331, 111, 33,
1731.. 30311, 31111.

1111111110 11133811.. 41311. 11. 430, 333.

11111130 111. 113 1111111. 11. 31, 133, 4131.

10111. 1335. rum Ρ111111111Τ10.101 101-
11111111 11. 3701.

, 13 11111111111111101111111 111341, 353.

101111111110 111111111, 111311111111 11110·
1011111 11111110111 101. 111, v11. 433.

. 01011 11111101 101 1311111111 11. 313.
,, periodicas 11. 440.
, seeundum 31111111 0111011311111111111
1011111111111. 173.
11011111 1111111Β11110 1011111111111. 311.
10301111 investigandorum 11110 111. 333, 413,
,, 11011111. 443.

0111111110111 111111 1. 170. 337. 11. 31811,
7011733. 111. 31. 38. 31. 38. 113,
147.311.3171..330113331133811..
33311. 37011.. 37311. 11. 73311.

. 11111011011111 11 1111111111 11. 71311.

00101111011111131111 111. 313.

1151111101 circellum describunt 1.,11101 111.

1111111111 111. 33. 313. 413. 11. 41, 333.
303, 111. 371.

111111 11. 433. 111, 373.

0111. Protomae inquiruntur 111. 433 11. !

1111111111 1111111111 11 grypho 01111111 11111
1111111111. 433. 503.

11111301. 111111111110 11. 101. 133.

1111111111 11. 113,·

1111111 13 prumam 1111111111111111 11111111-
111 1311111111. 301.

11111111111111101111 1313, 333. 111. 137. Ι

Marii - 11111111.

1111111111 13111111, 1 101. 1111, 31111111
1111 1318. vn. 80.
,, 11111ἐὲ0,ἶὲ 91111 10111111 1011111131*
. , .

“ 111111111 1111. comment 11 Plotinum 11313.

1111111171111111 symbolum 1. 3771.
1111111111111’,111ι1311111ιω dmm st m ι
1111111111 v. Capella.
131111111111, 1101111111 111011111111. oh
7111011111111 13111011 1101111111 71313.
11111111, 110111111011111 11111111 7111. m.
1111111111111111111111101111111111113331313.
111111111111 uxor, Kepl‚ 11111111 1111111
11111111, 1111111111, 111.]11011111ος1111111
11111111111111801111 11 Terram, 11111111υ
11111 111. 531.
1111131111111111. 131. 11. 137.
,111111 1111131 11 gravit 1. 341,
, proprium 1. 137. 11. 313.
, 1111301111 11 geometris Vl. 314.
111111 11111111 r. Kepl.
111111111 v. 111111111.
1111111311 111111 11111111111, 1111133
11111111111111 11011111 captu 311311111 11511.
1111111111101111 judicium 111 011. 3111-
11110 11. 1411.
1111111111 quibus 111111 min} 7111111111·
, 1111111111 vlu. 143. [ἲ 311
1111111111111111311)01111111111 11111 1111317.
, (1110110111 1111111111 13 10111111 3113·
301111 11. 4, 348.
., 1117111110 11131111 lv. 170.
,111311113111 111δί311111 1301111 111.
. 11011111 111. 134. {m
3111111111 11111 11111 111111 1113011110
111. 1371.. 313.
, 11011111111111111111111113111111111111
, 11111111110101111111 111111 111. 131.
1111. 331. 341.
, 3131111 1111111111 Ερ1111111311 101111
131711. 111. 473. 311.
, 1111 librum 31 Christi 111111111311.
, . 1101111111 110. 31 Chr. 111 11 173
111111111111110111 1110111111, 1111 11171
1111111οε, 1101113111 princeps 11 733.
. 11111111 111311. 301111111111111111111
1111 1311111 11. 770.
11111110111111111111110 11·, m,

111101111111ἑ181111111111 in 1111111111
1ἸΙ 3.

. 11110111101111 111101. vm. 334.

, 0111111111. 383.

, 111111 aimericum 1111111111. 331
1111111111111. 111113. Ausum 1. 133. 4111.
111111111101111111111131111 31 1111711 1331

01111111 311.

11111111111111. lup. 111111 μυί-111111
11111111 1. 343. 370.

lurni! 1111. Dur antheum pm 11
11111111 ΙΙ. 333.

 

