11111111 epistolae. -· 1111111111 16 1111111111 LXI

Roplerl 1111111111 14 1111111111 14 neptem
111. 111.,1111.. 111). 1111. 1111. 111, 111.

, Ρ111. 11111. 1611. 7111. 802.
,, 111111. d. [1617). 7111. 371.
„ , Sept. 1617. VIII. 380.
, [stuttg] Nov. 1111. 1111114.
, 61111311. tt) etAug. 1620. 7111.421,437.
,, (1111113.011.·1)11.1620.7111.4381.,452.
, 71111411. 1621. (ded. 11611111.) 7111. 4.
, 01111. Mat. 11 Jun. 1621. 7111. 48911.
3111111111 Hodites (1111111. 1111111111.) 1. l.
111). 161011, 487.
, 1.1. 011. 161011. 570.
1161111111’111111110111161166111111 1161111111, 1111611. Febr. 1589. VIII. 673.
1111.) Mart. 1614. 17. 281.
1411661111 (1111111)11. 810, 1111661111, 7711111611 111. 1610. 11. 810.
11111111116111111111011.161871113631. ,, ,, 0111161011 810. ι
Lioehtentte‘in, 11111111. (11 (ded. 81111111. lansius, Tub. ,111. 1615. 7111. 861.
DoI.) LInc. Dec. 1613. 17. 663 s. .
11111. 1616. IV. 572. t
1111111111 1698. (111111)1. 194. ' 611111111111111411. 15981. 194.
Longomontanum, 2111111111. 1600. (111111) Longomontanus, 211111 Aug 1600. VIII. 738. ’
VIII. 138. , 11111116161). 1604. 111. 32, 443.
„Pugno 1606. ΠΙ. 32, 70411. “ 11111111, 1111111. 111. 1601. 7111. 739.
Ludovicum filium Prag. 111. 1624. VIII. 885. 111110111101111111711. 1694. 1. 7. 7111682.
1111101111, (111111 0111694161111) I. 7. , 0111111 Febr. 1695. 1. 8. 7111. 686.
, 7111111111. 15951. 71. ,, Tubing. 14111. 15981. 20.
, ,1111111111 ,, ,111. 1111. 1. 11, 111.
, , 111. 1696. (deest) I·. 19. , , 1711. 1696. I. 24, 211.
, ,311300111695,1.911.,191. ,, „Mart 1697. 1. 30, 211. VI. 660.
, stuttg. 13, 23. 25. Apr. 1696. 1. 2111 , , 111). 1697. 1. 78.
, ,111. 1696. I. 24, 29. , , ,1111691178 ,
,, 7111111311. 113161. 1691, 1. 281. , , 1711. 1697. 1. 87, 79.
, ,, 11111 Sept. 1697.1.8111., 781,
2111. 17, 611. ’ .
, 1111111698. 1. 79, 297 11. 11. 1611. ,, ,, Apr. 1698. I. 79.
,111. 1598. 17911, 38, 213, 299. ,, , Maj. 1598. 1. 213. 301. 11. 201.
11. 23. ,, ,711 1698. I. 88, 232, 302. II. 24.
, ,111.1698.1.891.11.2411. 1766.
, , Deo. 1598. 1. 39, 911, 233, 40911. ,, ,, Ian. 1699. 1. 47, 92, 234. (11. 28).
17. 6611. · lv. 70. VIII. 214.
, Febr. 1599. 1. 48, 92, 220. 11. 29. , Apr. 1699. 1. 60, 93, 234. (17. 72).
lv. 701. ll. 29. VIII. 216.
,, Aug. 1699, 11. 03.) 11111, 611, , , 1111. 1699. (tv. 73.)
197, 234. 17. 721.11.412,8161. , , 111. 1600. I. 63, 93.
, 1711. 16991. 64.
, , Sept. 16001. 541. 111161111111. , 011. 1600. 11. 121. (1, 66, 302.)
,, Pragw 11111600. I. 66.
, , 7161110111601. 1114611117. 13.)
, , 111. 1604. 11. 14 (7641. (111. 54)
,‚ ,, Dec. 1604. 111. 651. 11. 14.
, , Mart. 1606, 11. 16, 682. 764. , 716116061115,682,764.111.56.
111, 6611. , ,81111618114611
, , 6111111111.1606.111.60.7111770. , Αρτ.1613.11784171207111823.
,, Lincit Febr. 1613. (deest) 11. 784. , 1111111, 11.784.1.498.17. 121.
, ,1. inim 1614. (deest) 11. 785. 7111. 823,
n ,111),1616.71.131.117.648.) , ,11111111111117111111.
, „ Sept. 1616. 71. 15. II. 291. , , Oet. 1616. VI. 16 s. IV. 128.
, „Dee¹ 1616 11. 31 11. 111. 7231. 1129, 301498
IV. 128. 71 161.
, ,4111311).162011161611.1711299). , , Μ111.1620,(111.676.) 711299.

1611111111, Grati! 11111. 1601. 111. 16), 6711. 11111111, 31111. 1111. 1610. 1111184114.
1111111 011117111. 70

 

