216116111-211163611 CXV x

211316161111661616 6616111 6611116 estro·
Ζ. 66616119. 111. ’
, 16 61111116 1.1606. 11. 674.
2111116111, 16 16111 temperetur· 1666, 614, ,, ’1166111 Rndolpli. expetit 91. 668.
667, 669. 216661616661 16661161661661166111116011-
21611661, Assyrius, 1661619316136116616611 tiensis † 1. 1698. 1. 60, 999, 601.
hypotheseos (licitur 1. 960. 9111. 687, 689.
21611, 16 llusloti manuscriptis 11. 67. Zimmermsnni 111161 l. 60.
2116611111, pontifex 11661661, 666111661166· 21631611 11. 164. 141.
pum Virgilium l. 68. 26116661, 661191. 199.

, 61161 Joh. Baptistae, 6616 summus pon· , 66116 660ο 1111161 11. 696. 91. 696.
11161 91. 496. , 66161611611116163119. 961.
Zehentmsyer, 16611111161Β116611 1611111111- „ 11111116116 triplicitstes (estrei.) l. 444.

steini. 194. 9111. 706. 11. 696. 91. 906.
, expetit 1 1116111611116163161 1. 609. , , 16 19 61361 l. 169, 996. 866, 440,
it
;16666116..611611. 1666666611.11131.....1...
261116161,11616111616166111161611181166111 , denominatio 1. 440. 11. 6611. 9. 961.
13161 9166616 91. 481. 91. 196, 641. 9111. 961.
21116161, 11661111 16161661 9. 4811. , 1111116, 6616 1. 16911, 441. 11. 69611.
2111611661, Guilelmus 1. 89. 91. 90911.
261116316111616911. 7. “ , ,8161166 911. 680.
26116161,166.11616161116161111161 91. 79. , 1111161691. 196.
26111161 9. 610. , 611361. 18611, 440. 11. 6961. 19169.
2161, 966611, 6111311116166116111161116116111 ,, 11366166 111 111161631111. 446, 666.
016111) 9111. 190. 11. 646. 911. 680. ·
2661111 11. 694. 91. 188, 909. , ,66111111 661. 91. 904.
21669 916. , ,nomine 66111. 449. 11. 69911.
216361116161619 481. 91. 194.
211311161, 61616661 Τ66163.1.66, 188. 26616 91. leus, 9611, 966, 997. [196.
9111. 689, 9891. , 6616111161 diversis· 16 316611 1611361116 91.
21131611 1111611. 16 9116 1. 188. 26611616 comparatio eum 1661 tempestatibus
2163111611, 1166661, 611616111661, 11 666111 91. 9641.
16611479. 911 14, 967 960. 1,,1111611611 9. 619. 91. 979.
21131611,116,66666611111169116, 911960. „latitudinum 616111919701.
,,,1666666616“ 911. 14, 960. 26161116191. 79.
Zieglerns‚ 6616611161,.1616111 lingonensem 26161111111116666111.960.
1116161661111161116311, 1..1116166111. 26661161 (266661, 26661161), 1 6661611. 611-
19. 109. (linaiis 11111161, 11161616 Antityeho-
,‚ de comete enni 1607. 911 91. nem 111111 911. 981.
, , eclipsibus ll. 497, 898. 1v. 119. ,16666 6611666 1166166 1611 1. 1696.
,, , 11116 insolite 11. 71. 19. 1191. 9111. 67, 79.
, 11661611 66611116111111.618.19.1191. , 16 01111166 11469.
,Κ6616161611111011111366661111619.119. 2661661161, 666166111161 61 methemstlens
,, ,, ,116166666111861113 11166111 1166116116661 11. 618, 6791

e 911. 10. 2616361111111166 li. 819.

 

