xm

0000101011100100111011001011 71. 800, tan
, 0101110010 00111 11111111. 1241.
, 1 Ρ111110011011 11010011 l. 200.
111 103. 71. 180.
,, oum S. Scriptura 0000011111.
10, 118, 008. IL 388, 111.
10311. 71. 184.
, 10010 probata 11. 0201.
,, theologia aliia 1000010 11111 in·
grata 1. 87, 008. 11. 472. 111.
„ 11110101100100171.441. [103.
,, , vulgo absurda l. 000, 013, 7.
Ι170. 71. 870.
, 0001 1080101011001001 0101010 0001011.
1, 8, 07 otc. 7111. 08811.
, ,, 101110 000 prohibitum 1. 07.
,, 01011 magnus, qnid 71. 131. 7111. 082.
,, tabulae 11. 830, 380. 71. 0801.
000011 luminarium 1011 01 viaibilia 71.
001100011, v. Lao. [007.
,, 01001101. 001.
eorda 00101 11. 40, 071.. itt. 7. 482.
, oum 3010 comparatio 11. 070.
001011 tunica 1. Oculi 1001011.
Cornelius, 1. 0010111.

· 001011, 0111 1 111. v1. 111 s.

„ 00111001111111010 ab homino 1. 101.
, 10111 'laruam 01 Lunam potitum qnando
quiescat 7111. 48.
00100111 oum anima 0000111110 1.28,101.
, 010101111178.
,, 0011111011. 830.

. 0010011 Archimeden 1. 107. 7. 123 aa. 71.

321. 711. 710. 7111. 1771.

,, columnaria otc. lv. 000. 7. 020. 03011.

,,“00111 11 10011 7111. 17811.

,, 00110181111711. 721.

,, 1100111111. 1111, 121, 107. 7. 82,

120, 27011. 71. 31811.

10 2 0111111 distributa 1111.

71318.

,, ,, 010111000 mundi 1010110111
1110001111. 108. 11. 001.

,, 1111011111 Elementorum tinia 11.
337. 7. 82.

,, 0010 planetarum orbibus com·
011111 1. lisa, 120. 7.
121, 271 11., 301, 300. 71.

ἦ tt

87, 0211.

, ,, 1Ρ10010 0010101 appellantur

11. 480. 7. 120. (Vl. 318.)

,, 1110100101 71221. 71. 821. 711. 710.

, , Jovialibua adaptata ll. 000.
71. 87, 381.

, rotationo 1101100010 0001011. 011117.
070. 71. 028.

0010010111 capacitates comparatae V. 0071.

,, 1101111 71. 110, 318.
,, 1100100010101 1. 100, 121, 128. 71.
321. 7111. 177.
., , nobilitas 1. 126. [321.
,, ,, 01 orbium 0100011101. 01., 71.

01180111-

&tamt

0001000101, nonnullarum, 110101 [ulai
1. 232.11. 082, 817. 111. 40. 7111.
721, 727, 782.

0011001 1 0111110010 010 1100 compl. m.
patna 71. 087.

cosmographia 1. (lamna, Apianna 111.

Costa, v. Acoata.

01100101 v. 1111001111.

0110111001 111. 013.

0110111101 0011. Jovia 71. 801 a.

01111101, 00111111 Ulmana. V. 00. 71. tat.
7111 880.

ortigius l. 282, 270, 337.

, 101011101111001110 1. 2701.
0111011, 0011110110 1. 227.

, , 1100001101001110111.22111
01101111011111101 v. 11101111 habitatio.
0110011001101181111. ll. 814.

01111111 montium vl 013.

01110 000111 1111010301 L 800, 870.

010011, qnid 11. 880.

010111001110101 71. 331.

01000101(11101011111101 Tub.‚ 001111 putot
Lombacii 10 What) Rbaatloi 1111010
01111110 1101011011 1. 8.

01111101 7. 4811.

0110100011011 10011 11101011 110101 71 ti,
308 7111. 871, 802.

010001001111. 00, 201. 71. 104.

01000100101010 altitudo 11 canaan 11111,
177, 218, 310. 71. 10411.

,, 00101011. 200.

,, inquisitio 71. 2031.

,, 111101110171. 180, 200, tana
0101110111 111 111111 1001 1804. 11. 8101, tto.
011011 exemplum 71. 304.

011111 modicorum 1. 808. 71. 420.

01111001 1000111, v. 1110111.

01011017111. 18.

01000101 bibliopola August. 17. 048. 12181,
01. 712011, 811. 7111. 817.

erogarat, mad. at matbematitna ltmtnu
1. 8001. 71. 01.

, da 00011110 711. 1311, 200, 207.

,, 000010ίο1 hypothesin noa 110001

,, da oollpainm theoria 71. 37.

,, ,, 110011111111017. 827. 712011.

,, , ,1011010011 711. 302.

,, ,, ,0100001οω01818.1.800,88’.

„ ,, , Storaomatria 13817.

,, 110101 mathematicos in 30101111 M

omi ‹lioit 7. 827.

,, dc longitudino 10001010 71. 21.

,, ,, Longomontano 71, 87.

, ,, Magini numero 10011101 01. 18

,, ,, 11101110 17. 173. 71. 28, 82 tt.

, podia 0011000111 longitudinem neptun

nunciat 7. ott.

, 71010011011 obaa. computandas 1111

auacapit nequa 1010 01101001 7111.

,, manantia 71. 10.

 

