166 651551115111 5511151511 Pulkorieurilrm.

483 Omnia augmentatum 11151111.
47 Primum 151151151111111115151, 15. 15.

49) 1115115111 premunt 511 19, multiplicem 15111111.

49 1115111111 51151115 1111 ternarii multiplex.
50 Non 1111 111111 51111 quadratum.
51 Neque ullius, qui 5111 ternario 151 5511111511.
59 Primum 15 111 5““ 111, 1115111581111 69111. 8115151151111111
toties ter, ut quotiens rit 5511 multiplex 11111111, 1111 15115515, 11,
17, 99, 99, 95, 41, 47, 53, 59, 65 115, iure 1511511511111. (8511 tileo
1151 requitur, nou 55511115 quadratum.)
Aliud initium: 9. 5. 8. 11. 14. 17. 90 8151111 1115 ratio. 11511 91111
4. 95. 64. 191. 196. 989. 400 79151. Ar 1111119 15Μο

W 751119.
18 18 18 18 18

Aliud initium: 9. 9. 9. 19. 15
9. 96. 91. 144. 995 Η151111111111555151, 1111919,
114111. 11 15 111 1, 1, 1.
18. 18. 18.
59) Cum 11 struenda 11111 151111115511111111111, 515111151511511111511
111111111, versabimur innumeris compositis. Ut 9, 4, 6; 111119 11 4 511
1115 9, 511115 etium 111115 51111111, 11 1. Item 9, 9, 95 111519, 6 1111

, 815 4, 5, 11 111115 omissi quoque duo 1, 9. lta 111115,10,15Ι 1, 9, 9, 4 Ι

1111991151

Alius ordo:

1. 5. 9. 18. 17. 91. 95. 99. 88. 87. 41. 45. 49. 58. 57. 81
1. 95. 81. 169. 989. 441. 695. 841. 1089. 1869. 1681. 9095. 9401. 9809. 8949. 8791
94. 56. 88. 115159191111. 948. 980. 819. 844. 876. 408. 440. 479
89. 89. 89. 89. 89. 89. 89. 89. 89. 89. 89. 89. 82. 82.
111118. 17. 18. 19. 90. 91. 99. 98. 94
956. 989. 894. 861. 400. 441. 484. 599. 578

-——-—- ..-

88. 85. 87. 89. 41. 48. 45. 47.

Videtur 111111 occursurus, 111111 5911 57 5191 proxime multu.
11 11ι -- {gp} 5⁷² = 1111, 111 = 111

“rm“

1111194 51 99 primi 1111 9, 4; jam 9 semper additur 4, utigitur 9,
7,11, 15, 19, 99, 97 515. in 8 multiplicandi, quod 151 551151 quadratum gip·
11515 parem.

Aliter: 9. 6. 10. 14. 18. 99. 96. 80. 34. 88. 49
4. 86. 106. 195. 894. 484. 676. 900. 1156. 1444. 1764

———....—-———..- ...Π-...Ἅ-

82. 64. 96. 198. 160. 199. 994. 956. 988. 890
89 89 89 89 89 89 89 89 89

1111 rutrum 0195155111 11151115551111111511, 115515 1115 pum 555519
nunquam 1511111111111111115111111 511151.
8. 7. 11. 15. 19. 98
9. 49. 191. 995. 861. 599
4079. 104. 186. 168.
99 99 99 99 11111 405199 5911111115, 4, iuquam 5,
9, 19, 17, 91 etc. oetier, 51111 irio nihil 5155551515111.

 

